6.902000000000000357e-01
8.050000000000000488e-01
8.559999999999999831e-01
8.730999999999999872e-01
8.720999999999999863e-01
9.018000000000000460e-01
9.113999999999999879e-01
9.200000000000000400e-01
9.197999999999999510e-01
9.332000000000000295e-01
9.275999999999999801e-01
9.373000000000000220e-01
9.444000000000000172e-01
9.372000000000000330e-01
9.320000000000000506e-01
9.479999999999999538e-01
9.385999999999999899e-01
9.466999999999999860e-01
9.475999999999999979e-01
9.417999999999999705e-01
9.498999999999999666e-01
9.502000000000000446e-01
9.512000000000000455e-01
9.545000000000000151e-01
9.413000000000000256e-01
9.563000000000000389e-01
9.574000000000000288e-01
9.508999999999999675e-01
9.475999999999999979e-01
9.572000000000000508e-01
9.549999999999999600e-01
9.592000000000000526e-01
9.506999999999999895e-01
9.604000000000000314e-01
9.437999999999999723e-01
9.569999999999999618e-01
9.603000000000000425e-01
9.613000000000000433e-01
9.606999999999999984e-01
9.586999999999999966e-01
9.543000000000000371e-01
9.586000000000000076e-01
9.576000000000000068e-01
9.647000000000000020e-01
9.592000000000000526e-01
9.596999999999999975e-01
9.674000000000000377e-01
9.616000000000000103e-01
9.610999999999999543e-01
9.637999999999999901e-01
9.640999999999999570e-01
9.590999999999999526e-01
9.646000000000000130e-01
9.680999999999999606e-01
9.641999999999999460e-01
9.657000000000000028e-01
9.669999999999999707e-01
9.687000000000000055e-01
9.680999999999999606e-01
9.660999999999999588e-01
9.667000000000000037e-01
9.655000000000000249e-01
9.664000000000000368e-01
9.653000000000000469e-01
9.693000000000000504e-01
9.630999999999999561e-01
9.686000000000000165e-01
9.745000000000000329e-01
9.631999999999999451e-01
9.727999999999999980e-01
9.681999999999999496e-01
9.651999999999999469e-01
9.727999999999999980e-01
9.726000000000000201e-01
9.741999999999999549e-01
9.730999999999999650e-01
9.700999999999999623e-01
9.724000000000000421e-01
9.734000000000000430e-01
9.696000000000000174e-01
9.719999999999999751e-01
9.659999999999999698e-01
9.616000000000000103e-01
9.720999999999999641e-01
9.735000000000000320e-01
9.737000000000000099e-01
9.729999999999999760e-01
9.711999999999999522e-01
9.700999999999999623e-01
9.759999999999999787e-01
9.752999999999999448e-01
9.691999999999999504e-01
9.705000000000000293e-01
9.761999999999999567e-01
9.687999999999999945e-01
9.739999999999999769e-01
9.748999999999999888e-01
9.724000000000000421e-01
9.758000000000000007e-01
