1.000000000000000000e+00
9.955576718210429332e-01
8.136925954882945344e-01
6.430945177358919906e-01
5.345168436202830664e-01
4.729783180521524022e-01
4.265751544376449877e-01
4.015447029615154539e-01
3.769035086189473915e-01
3.515922696742197484e-01
3.382261189147398039e-01
3.216018023674755422e-01
3.085303297691048829e-01
2.948350079981399974e-01
2.768832804741426235e-01
2.622162762442213912e-01
2.470889205284129697e-01
2.334902347683311397e-01
2.282236816731068596e-01
2.359233744721525028e-01
2.258278581060816359e-01
2.240014777076057284e-01
2.282443430945765572e-01
2.224331631603170822e-01
2.364814589595576055e-01
2.334990738341503058e-01
2.228171446900659158e-01
2.148491030185982753e-01
2.364929994098631527e-01
2.350480791751336784e-01
2.201512493698607187e-01
2.167570695098481326e-01
2.063117211330994516e-01
1.993614768822694339e-01
1.867538934637934245e-01
2.055052388257130602e-01
2.148720633842587657e-01
2.150871978804509421e-01
2.135692015045365100e-01
2.261408886601529167e-01
2.167300973635574723e-01
2.157888456506909247e-01
2.052753823246810938e-01
2.129145542315876438e-01
1.974744889940008297e-01
2.254219780185557909e-01
2.237894379755828722e-01
1.981969901581622784e-01
2.207549989886559427e-01
2.189935356667890853e-01
1.970057196415357648e-01
1.824243270062244626e-01
1.920703694195269595e-01
2.001083015812624988e-01
1.810739879265034213e-01
1.907104018662003075e-01
1.830327994770677424e-01
1.776125615626115983e-01
1.861494232974088281e-01
1.696616296652662947e-01
1.724419638799980781e-01
1.686228473728159094e-01
1.765256285586607743e-01
1.698767243470412636e-01
1.721625443087121954e-01
1.840422499050302918e-01
2.232484786283489842e-01
2.505788341231485195e-01
2.273736769297118043e-01
2.308125411137677274e-01
2.133986908643309699e-01
1.977761540356208769e-01
1.909115205621238209e-01
1.710856601633991003e-01
1.805386045695757669e-01
2.161497952895455044e-01
2.280931705810949062e-01
2.182100762949025219e-01
2.036232704365338875e-01
2.022958776665015890e-01
2.229019373918444957e-01
2.294492004717836597e-01
2.333490421713826646e-01
2.137993414329926178e-01
2.019536259285063806e-01
1.890595770167380063e-01
1.904162466233230155e-01
2.065851761652879315e-01
2.078859036309619601e-01
1.916389812914678081e-01
2.202287420653304406e-01
2.178229705304132735e-01
2.233098683661114692e-01
2.039211550778015358e-01
1.977307691876903917e-01
2.137686287187786638e-01
2.336564213703220261e-01
2.126488811644232368e-01
2.116766414727003498e-01
