1.238118182680497892e+00
1.232618055388697176e+00
1.007447597586544674e+00
7.962270155909538794e-01
6.617950230352607210e-01
5.856030555940094917e-01
5.281504549889897149e-01
4.971597978956918684e-01
4.666510871371944980e-01
4.353127819735564952e-01
4.187639076857956333e-01
3.981810390939914956e-01
3.819970111955388603e-01
3.650405842932471501e-01
3.428142240352600734e-01
3.246547394127428099e-01
3.059252852451246341e-01
2.890885051450089449e-01
2.825678899977595027e-01
2.921010196533120329e-01
2.796015772769311347e-01
2.773403024970868547e-01
2.825934712793611858e-01
2.753985437399264491e-01
2.927919942046401935e-01
2.890994489531175660e-01
2.758739582537219626e-01
2.660085809799219714e-01
2.928062826459998380e-01
2.910173006308582888e-01
2.725732647846530465e-01
2.683708689846835416e-01
2.554382932349987811e-01
2.468330694539755399e-01
2.312233911838992295e-01
2.544397728262135505e-01
2.660370086261272249e-01
2.663033705575845733e-01
2.644239116433217962e-01
2.799891460976613455e-01
2.683374742799351509e-01
2.671720934197558961e-01
2.541551833128785631e-01
2.636133809514416004e-01
2.444967554390122810e-01
2.790990497605774223e-01
2.770777722494186524e-01
2.453912972673684134e-01
2.733207781654698465e-01
2.711398783985417005e-01
2.439163635802419350e-01
2.258628762296595038e-01
2.378058167324765826e-01
2.477577266930737210e-01
2.241909968622728400e-01
2.361220161768473602e-01
2.266162370594710929e-01
2.199053419431287182e-01
2.304749856800105690e-01
2.100611485917711629e-01
2.135035309369592849e-01
2.087750133476418135e-01
2.185595904275816626e-01
2.103274612282746148e-01
2.131575764851534327e-01
2.278660559888461279e-01
2.764080006455174043e-01
3.102462107227506038e-01
2.815154836695974438e-01
2.857732039436458038e-01
2.642127993193428281e-01
2.448702524121211255e-01
2.363710248911472522e-01
2.118242666442009536e-01
2.235281289933561677e-01
2.676189917306537325e-01
2.824063018416980153e-01
2.701698631048174981e-01
2.521096735443408843e-01
2.504662044202052851e-01
2.759789416395526107e-01
2.840852271056180101e-01
2.889136920234671724e-01
2.647088520733040795e-01
2.500424563203393902e-01
2.340780999143072805e-01
2.357578172221101998e-01
2.557768628824967916e-01
2.573873172084597538e-01
2.372717072473340405e-01
2.726692098999390357e-01
2.696905804191829237e-01
2.764840083960711237e-01
2.524784899350356326e-01
2.448140606066802061e-01
2.646708261033963172e-01
2.892942637986517518e-01
2.632844462963368493e-01
2.620806986560910712e-01
