1.000000000000000000e+00
1.000000000000000000e+00
1.000000000000000000e+00
1.000000000000000000e+00
1.000000000000000000e+00
1.000000000000000000e+00
1.000000000000000000e+00
1.000000000000000000e+00
1.000000000000000000e+00
1.000000000000000000e+00
1.000000000000000000e+00
1.030107591687937862e+00
1.151916721480335415e+00
9.399306956180507600e-01
1.151044139373766262e+00
1.088982846449280117e+00
2.239568345419364448e+00
1.001857947384913849e+00
1.125906667873880940e+00
1.420397291566515285e+00
1.221348112046375611e+00
2.116367322581118593e+00
1.541364672791037060e+00
1.709987949538885665e+00
1.444510386923996803e+00
1.172978273178937991e+00
1.244112887417851532e+00
1.276318838401133915e+00
1.108249802584815980e+00
1.171020227041302819e+00
1.065809943959827644e+00
1.657669950365234346e+00
1.422106046128190027e+00
1.526803124234465070e+00
1.693691455475300867e+00
1.539476473800622136e+00
1.471797488512585961e+00
1.517521532818330687e+00
9.349921449271880736e-01
1.415660167923772139e+00
1.494755633403856754e+00
1.367343575761536423e+00
6.149619449900544765e+00
1.091637060908740686e+00
1.126991625540492814e+00
1.287737667481697379e+00
5.365117705503992696e+00
9.938075520454751066e-01
1.453383308469760271e+00
1.101996157406026633e+00
1.200475805886082048e+00
1.266774917441356285e+00
8.505111578588896437e-01
9.836884087487498540e-01
1.247448769077117214e+00
1.123976975891386898e+00
1.208856254135947772e+00
1.036319347811931468e+00
1.055544545567032033e+00
1.225530041604454334e+00
1.277459381501988345e+00
1.133963803078000376e+00
1.014007654781450274e+00
1.315517717021876809e+00
1.457794735309974943e+00
1.053484997970113524e+00
1.619356432335570917e+00
3.488264627576032506e+00
1.219682477389476105e+00
7.968832563719567830e-01
1.566625578251381379e+00
1.677100119424053348e+00
1.141198531485020817e+00
1.021022314832713107e+00
1.258180520814797587e+00
1.062469391582453015e+00
1.616494923368324566e+00
1.317399466601411939e+00
9.098600419732335576e-01
8.577520828950480070e-01
9.677479533886739205e-01
1.456079548438305338e+00
1.004523333109978545e+00
1.672919261874977970e+00
9.538869009163298829e-01
1.284640740898554290e+00
1.280108031067183960e+00
1.427044209512434492e+00
8.589663445600613789e-01
1.566821551929615586e+00
9.838004150899523070e-01
1.145839518605705321e+00
9.701242521599966473e-01
1.215541689650023294e+00
1.059612396891621566e+00
7.677026760186639320e-01
8.575346590033895433e-01
9.565002622258829135e-01
1.190110495528751589e+00
1.304497881496665679e+00
1.272670656565666691e+00
1.123206320941699810e+00
1.688163563590574290e+00
9.920605731557320395e-01
1.171442834204927230e+00
1.452305281714991292e+00
6.765054144068751718e-01
3.133691409514595794e+00
7.839343633387281240e-01
1.045261855454356015e+00
7.618124724237311796e-01
1.063196965945009342e+00
1.095344574188285458e+00
1.034595005415301250e+00
1.058757052738354520e+00
9.771541645221399897e-01
1.391025699608980259e+00
9.779561039168601644e-01
9.676167035135555539e-01
1.553697077220336453e+00
6.958546160676779557e-01
8.349861957876570928e-01
1.639598178794962502e+00
8.675588864761298868e-01
1.289024478641199511e+00
1.666887427199539973e+00
1.480976927981279445e+00
6.525761171238079195e-01
1.478712218156466918e+00
8.333097268342178898e-01
1.567588173509510518e+00
2.248335973026299950e+00
1.746806544109926085e+00
1.722368584782190570e+00
1.325899827952377485e+00
1.534722120825914971e+00
7.172720471474854920e-01
1.080173471541140628e+00
7.285441661543682335e-01
1.500645195043118774e+00
1.297827442268981279e+00
8.651698125504608816e-01
7.974626985384458688e-01
1.297865704966595146e+00
1.520254216304117945e+00
1.034571871952885580e+00
1.104760784479668079e+00
1.820845388863642000e+00
1.151813829733465244e+00
1.167609581776602568e+00
1.510598954714217568e+00
1.147166911902309572e+00
1.423695784380995422e+00
2.077470934996326957e+00
9.759794280282948487e-01
1.107780851672643063e+00
9.993055387299486503e-01
1.072644668977943638e+00
7.251325952216203241e-01
1.640973281545615237e+01
1.448086035963391360e+00
1.525093981419714195e+00
1.148824123158960875e+00
6.173840173122511210e-01
9.913740934075666589e-01
7.899059528784602158e-01
6.182027792411444178e-01
5.468150332241524803e-01
9.843035130559694146e-01
1.250933118241953412e+00
5.308733917381034395e-01
1.877539620352807859e+00
1.270262107358731019e+00
1.031689346409876196e+00
7.096080693709402309e-01
6.830203793060619644e-01
1.365075919166579332e+00
1.184416297946832231e+00
7.114810243041792548e-01
1.095130810860382553e+00
5.008832305944516117e-01
1.458215491941426301e+00
1.035317666384550694e+00
8.871753672017055337e-01
1.153758451438439137e+00
8.362006863739449569e-01
6.844464907834985068e-01
6.165110845529097050e-01
5.601273365093317746e-01
7.747157725607183298e-01
7.085509029108053580e-01
6.246018963553534586e-01
6.873852767441602785e-01
5.677483395434342883e-01
2.463455662974709970e+00
8.654829382786282110e-01
7.975995550450540872e-01
7.575625279930767730e-01
5.866851036861118196e-01
6.594660769588365223e-01
7.828512046262799950e-01
5.457917504370873862e-01
8.579968863492900555e-01
7.339668250282804784e-01
1.035376474988402462e+00
7.637034728050677845e-01
7.525584753066579813e-01
7.706994306081897950e-01
6.022106042824507677e-01
1.102163022668046555e+00
1.277876284745346869e+00
6.872959906582917222e-01
1.379917467023239031e+00
5.939323294820342269e-01
6.305396349330292249e-01
6.183930121268813584e-01
5.136507652285572378e-01
8.795640851638248936e-01
5.742972664614965916e-01
6.948417415105265782e-01
6.287139068616900417e-01
4.776854926039838523e-01
4.333869998936009105e-01
5.160304003156918062e-01
6.287588602256841686e-01
1.067345755737010071e+00
8.890888647466916872e-01
4.208678873640350204e-01
7.351289144699632017e-01
5.585112875638063024e-01
2.090258310834593303e+01
5.118254891701157216e-01
1.059819439101432614e+00
5.301042035149212683e-01
9.642723561807886590e-01
1.433796455302956963e+00
8.015925681216938825e-01
7.280101229274899000e-01
5.130896349317078942e-01
9.979594415428497678e-01
1.471550360190143625e+00
8.899642210329693492e-01
1.091055822155534427e+00
1.108308077267632363e+00
7.976299905618372543e-01
1.405006361260450420e+00
1.372567770941574672e+00
1.479673900456092595e+00
1.030512360335996469e+00
1.097571071639611873e+00
4.630286647295446256e-01
7.097369222311643577e-01
1.080473698955730866e+00
3.821866376560570377e-01
5.650652171326570050e-01
1.139374692788877708e+00
8.485887823625550830e-01
5.693311233504491087e-01
5.174827212549607536e-01
1.355606076046397490e+00
5.288317941969922220e-01
8.265105876390788087e-01
5.888018643995290846e-01
4.917354395757559948e-01
7.328727143749066419e-01
1.029177019525716830e+00
1.061038903072901718e+00
4.936097547524050944e-01
9.084491750963122891e-01
4.124038539387257507e-01
9.053328895114776120e-01
5.194872192599720995e-01
6.203298684423940168e-01
5.991407708414974165e-01
4.099767436068284532e-01
3.660053356273222924e-01
8.963833964151912692e-01
3.154869560141326801e-01
5.547638652167784512e-01
8.630853829454284920e+00
5.876857780526583142e-01
1.001569633612125587e+00
2.227755193749200835e+00
3.349806119883599553e+00
1.240823306660953751e+00
1.018015043895117877e+00
1.946496147033399016e+00
6.895651037315626564e-01
1.222094552960642622e+00
5.534641836204998722e-01
1.238115351429444955e+00
1.436872999560545816e+00
1.609190117161124922e+00
1.272422733369530157e+00
1.291611286331995956e+00
1.326985549430796940e+00
9.412411177285752162e-01
5.087041946950232596e-01
6.082128799523190965e-01
7.393117618111010314e-01
7.285811901579457572e-01
7.346477004725002757e-01
3.742032236794027300e-01
1.611643334771177161e+00
6.189918486800863873e-01
5.576883746244358786e-01
4.180298734420144213e-01
8.327892494431279324e-01
6.477236813773999957e-01
7.881683906895751157e-01
7.129402963242719160e-01
7.859790545183182875e-01
1.335501557153099705e+00
1.247588944722910487e+00
8.449334736224697329e-01
6.159917646113189926e-01
6.518776129442310774e-01
9.510951376758175480e-01
7.950316092729879935e-01
8.250134001709557019e-01
3.462667330800594523e-01
1.045067240042145684e+00
3.736046901825924582e-01
4.717467344275972363e-01
2.518956838424954991e+00
8.903116990233040928e-01
9.191846608323254175e-01
9.614962530259913986e-01
5.169875208879737283e-01
3.619625036191501666e-01
5.044063003039132020e-01
4.807771974398547532e-01
6.264262584448141435e-01
4.463633085628814778e-01
6.249817557071215557e-01
4.738719498869997104e-01
7.901173664605199987e-01
4.120885335657100690e-01
3.775444058351029586e-01
1.562480637037013453e+00
9.442322234825235583e-01
5.795291651406536682e-01
5.086856029440275373e-01
4.093418892570775958e-01
2.732187995364685484e-01
4.568050741290490269e-01
3.095136280832698206e-01
6.062455110215297927e-01
6.916175233215723361e-01
9.331634311117991132e-01
3.766971852760163109e-01
6.454360480120464594e-01
6.603885216494227439e-01
5.476446860481731793e-01
2.606102399560170091e-01
3.925066225991689084e-01
3.328372893669763743e-01
4.242042087649501303e-01
7.023950608519889949e-01
4.421598104764234427e-01
3.056089635740268373e-01
3.991224262392409350e-01
3.132119470797007921e-01
3.442048303309994672e-01
3.727416095053751044e-01
4.668937151047962697e-01
3.257638801438317855e-01
5.439975572802728809e-01
3.773376969426588401e-01
4.976670813177426766e-01
5.871115669649027424e-01
5.008482664454541045e-01
8.843082812354835509e-01
3.862725626847656746e-01
3.850346679228476288e-01
8.760850690322068424e-01
6.548646786874133818e-01
4.146175657793896296e-01
5.378921945821744099e-01
2.635672151322355772e-01
5.072082344069223092e-01
8.200980175802229377e-01
1.247346268308319628e+00
6.006133212856347159e-01
8.857261104355452774e-01
1.151625340442723022e+00
5.727218460223335583e-01
4.325054391234019469e-01
2.912092763539733120e-01
8.312701068782882841e-01
8.034274229124057642e-01
2.403025457093018458e-01
1.267305255664485486e+00
7.690425772245568226e-01
5.243945870552702004e-01
3.876427676646254650e-01
2.172777211140400622e-01
7.593173893424708387e-01
5.547827750049122431e-01
4.185750052706128099e-01
4.458521825133748284e-01
3.222385319091273792e-01
5.112408942022582670e-01
2.472855449386256455e-01
2.827646520990632073e-01
1.239961773578575732e+00
5.356569680824887492e-01
4.424506921501992207e-01
3.107667488787381749e-01
3.456152877667769685e-01
4.372260710551497120e-01
5.140210075225144504e-01
3.771809509013269057e+00
2.185051574173455524e+00
5.855478821930469868e-01
3.637742127038459672e-01
4.779660351360333626e-01
4.534428960342566928e-01
3.834997455980239667e-01
9.428141526955088336e-01
3.701854687120649801e-01
1.092806349246622011e+00
6.541447610452203465e-01
2.642937693789479958e-01
2.822987212283306069e-01
1.510878423384113933e+00
2.462356955016311300e-01
3.269723154914083163e-01
5.791828674104063657e-01
6.109376954500860268e-01
5.338549693483554126e-01
3.363065328510884688e-01
3.332104012031200102e-01
5.565393100323863251e-01
3.911563117468940254e-01
3.933440293333700377e-01
6.579270990579689782e-01
3.301489649261243331e-01
3.561640978491484311e-01
3.259919651371328553e-01
6.262204265789107493e-01
2.729105157784138536e-01
3.669316839171488653e-01
7.852287956734572694e-01
4.561600719739432042e-01
1.683218813725289864e-01
3.957278522483033689e-01
2.165150891909029263e-01
3.070378130096483860e-01
4.516979826320258740e-01
5.262117765744115383e-01
4.047151327567702905e-01
1.246787747046327777e+00
2.074072367479161960e-01
1.130988455853199959e+00
4.408878264822298498e-01
3.612752893124850373e-01
4.327948744702668216e-01
3.896026169243312909e-01
6.185046732594589036e-01
3.378930131453670715e-01
1.857617782184777522e-01
1.002977200277306524e+00
2.992675217634556684e-01
3.232618312089890478e-01
2.181613316841586769e+00
1.802395356507368929e+00
5.392537381610366110e-01
4.436755810813794998e-01
8.481766633933613964e-01
3.613542639371568610e-01
3.771717565747542134e-01
2.023305884772673702e-01
5.430639781087757134e-01
5.362829202516008475e-01
3.074809202799304586e-01
2.745189441700054411e-01
8.528960587300631335e-01
3.530136143385052550e-01
3.848381162341166783e-01
1.816941129782379261e-01
6.467510211700255862e-01
2.077245533405356337e-01
3.837956759088525516e-01
5.261095261183060812e-01
2.482717896953914039e-01
6.873346550934840149e-01
1.594166769340484846e-01
2.030241281423443567e-01
2.551901690688118673e-01
3.798345606271779640e-01
2.365332918567671916e-01
1.227694554396085103e+01
3.235494070581386716e-01
1.847418640499578768e-01
3.773608442831929422e-01
3.223629070753890602e-01
5.382297679566090398e-01
3.188104709527859182e+00
2.035239922869611640e+00
2.288582960070954242e-01
1.908135162828197062e+00
5.810654235263991163e-01
8.112244968311016491e-01
3.418263320232165503e-01
4.576092101200027185e-01
2.668410840465494371e-01
3.245708286843404511e-01
2.031543108442000201e-01
3.506148228194033156e-01
1.177016336545883224e+00
9.493802927044612261e-01
5.293563971029741078e-01
5.755617676577335917e-01
4.657454309715126639e-01
1.816198128559204927e-01
2.407390776056099746e-01
2.778944310612890822e-01
3.109829678032772216e-01
2.665814632195584455e-01
2.428335805783117529e-01
5.084523100292580589e-01
1.739371209830861686e-01
2.033177663428328563e-01
3.949518943876592636e-01
2.967617050177602245e-01
4.876359265689619860e-01
2.581391295566857202e-01
3.691394932099361093e-01
2.419881026048556760e-01
6.154056643477621158e-01
2.773197317768306691e-01
1.106636663188186098e+00
3.459785353511133921e-01
4.272051017576486420e-01
2.856603301368814685e-01
2.652786295064813338e+00
1.037365729688664029e+00
6.276548274151476647e-01
1.146823644386331775e+00
3.351446297815751652e-01
1.944667777279626142e-01
2.517903435770615372e-01
2.175629953140849171e+00
3.303464836655164438e-01
2.058787593872546395e-01
3.546053830101065230e-01
2.313981617164634907e-01
2.184702986268310110e-01
4.402602009732446975e-01
2.532783112245425849e-01
9.411167648778647754e-01
2.250900012609670375e-01
4.754480180161043679e-01
3.069146850703676210e-01
1.207065592411175947e+00
8.203925613034814823e-01
6.150365806698764315e-01
6.389378366967601863e-01
5.685492571632432268e-01
2.939031335073484241e-01
4.536266882542077994e+00
3.330546409707217936e-01
3.668615089255888861e-01
8.971279834186780544e-01
2.809202600232398317e-01
4.290766391005414460e-01
1.181022147840884218e+00
3.580513218037575385e-01
2.831053736789148068e-01
2.340293500887503930e-01
3.401652751426584298e-01
2.753630953289373240e-01
3.107581947170526826e-01
1.815355119121881966e-01
4.876283935435487549e-01
1.626387039036389370e-01
2.959562987566239367e-01
3.199629491058418873e-01
9.250259498674052727e-01
5.543525979086967315e-01
5.854326343988814907e-01
1.811878854745907486e-01
2.348228074062863602e-01
6.372386232155798913e-01
2.350627382349196048e-01
4.300376176742587986e-01
5.356728854087295932e-01
1.773258264986781463e-01
1.968935038789829672e-01
4.831741895995461111e-01
2.045164653159446955e-01
7.158813439070594864e-01
2.356129221434520582e-01
1.180258817796050463e+00
2.914466310930822757e-01
1.615586675649352821e-01
7.497438989051230518e-01
2.419620033259020364e-01
3.917907126035748422e-01
2.201872014114291398e-01
2.047832171268868795e-01
2.820263794362208309e-01
3.917706785811044812e-01
1.508405962178926973e-01
2.233605296866793266e-01
2.834724945322381617e-01
2.895639160895143727e-01
6.092166110549039892e-01
2.614122250518738921e-01
1.264853424883491329e+01
2.297861216276531060e-01
2.842056445336750281e-01
1.619903298484724197e-01
1.908982293959076149e-01
3.809971906339743031e-01
8.444789462663808699e-01
2.540032544324272168e-01
4.151167218793584968e-01
2.800173595059965437e-01
1.020004783134499604e+00
1.852320948204224937e-01
1.078446503955395208e+01
1.092242024872074602e+01
1.522604984731106281e+00
1.867986070928487452e+00
5.184769108433216367e+00
2.181911059156165233e+00
7.100493496521851355e-01
1.738572093426091092e+00
8.868359082424639439e-01
4.914504709564763152e-01
2.138408085104062661e-01
3.355051218967983750e-01
2.399375838794692017e-01
1.557610350398828114e-01
1.143883563066436793e+00
2.091837959965208160e-01
4.228638638957898377e-01
2.484079558433673063e-01
1.515136644354275752e-01
3.054390237487696891e-01
3.952543826372609259e-01
1.580002922243252950e-01
3.481454086365913247e-01
2.040159731556557832e-01
2.978850585052351119e-01
2.227133815113551407e-01
5.808924874967420493e-01
1.530912311705675266e-01
3.336781294720863045e-01
5.735333516779066443e-01
1.352829340264723179e-01
3.795174436678051544e-01
5.770515522834664957e-01
8.356883482263477436e-01
2.033610542286016509e-01
5.188452540015604519e-01
1.421323727806659276e-01
1.772886260602965502e-01
8.861937429001836009e-01
2.611287954224736363e-01
2.208002870583628818e-01
3.439080722024637216e-01
1.407993270970266109e-01
1.652820781645977233e-01
2.123252460965923127e-01
2.514998121342056914e-01
2.069328070071076442e-01
3.160235516243493636e-01
1.688025607126416028e-01
1.276799309910101321e-01
3.171694509697806641e-01
1.607706433975805704e-01
5.008084224704804077e-01
1.421913221082706236e-01
2.658264909949848431e-01
3.112080851215753285e-01
3.039869604826835880e-01
1.655771950439238471e-01
2.678655460352118434e-01
1.655755614879920734e-01
1.816680439070949282e-01
2.779840086794562182e-01
1.336411667139167647e-01
6.228641314627376691e-01
2.541433461481555356e-01
2.853637771462018691e-01
4.016222474225399908e-01
2.875718512686751827e-01
1.831487554929306094e-01
1.354134533806950480e-01
4.193358866840977695e-01
1.858145845436343369e-01
4.112642702798174899e-01
1.546280780975169689e-01
1.974676509360900889e-01
5.536775635203058377e-01
1.817131044089479730e-01
1.545921235765631840e-01
3.374068761338913647e-01
1.129333327644120311e-01
3.136098103669037740e-01
1.532360495116803223e-01
2.416174919134669585e-01
4.429345187495388192e-01
1.169452044020064668e-01
2.874237069832611957e-01
2.272233722476111328e-01
2.177369883546618756e-01
1.657549171657306253e-01
3.586215591677262560e-01
1.203320904921720169e+00
1.697787019451709178e-01
2.749817063163024211e-01
4.370132474223945018e-01
2.387013542442110725e-01
1.335189891691126451e-01
1.949589816388062613e-01
1.073024033696634849e-01
3.879058620602299223e-01
3.374861804023716161e+00
1.673538301635625336e-01
2.052910083944156083e-01
4.855483422968072671e-01
2.649550506705585784e-01
1.278375342252472180e+00
1.414006984272564715e-01
2.183016731546399691e-01
3.350136613751732440e-01
1.040380591017575768e-01
1.267776234678690550e-01
3.538213835294979903e-01
2.922479350033727608e-01
4.325263647132815414e-01
1.227170304326301586e-01
1.940965532327986187e-01
2.118055838880563146e-01
2.086678476377486491e-01
3.755196801596824008e-01
4.385423941152558069e-01
1.082606113401704817e-01
3.109377442704258643e-01
2.510127346678977522e-01
1.091650482663663185e-01
1.284045583541378599e-01
1.551970551493740136e-01
3.089251123525320608e-01
1.443919109291888492e-01
5.258568349621484117e-01
1.691887252268310382e-01
1.450287806671325952e-01
1.842427414412502185e-01
2.506940715367732553e-01
1.952917254677175030e-01
1.426458980212896022e-01
2.165647363185914387e-01
4.099599108739879760e-01
2.436774214277719064e-01
1.178913724955176628e-01
2.548036663167327354e-01
3.291767305359007412e-01
4.055024170932140515e-01
2.893746588185198698e-01
2.103474322550729636e-01
3.386182695893398265e-01
1.408646227874119361e-01
2.651054513110248645e-01
3.340537196613999060e-01
1.388385361087980940e-01
1.802832305690681425e-01
3.227506635883917174e-01
2.534719804053108261e-01
1.732672782591309357e-01
1.443808571674624064e-01
1.316259776908989265e-01
1.551737625904302309e+00
2.230874649648948160e-01
3.203353123058742535e-01
1.616344264253760932e-01
3.647029304389083904e-01
3.258388430636144917e-01
1.296494244174135058e-01
3.279125716105348864e-01
4.340764907745243706e-01
2.958045655157560128e-01
1.911776427948768675e-01
2.028493408743617665e-01
1.512084966036776612e-01
2.112602601762136323e-01
1.142668912631385064e-01
3.576167448581058506e-01
2.963509632724424803e-01
1.819891507539847519e-01
1.485708679978524349e-01
1.283405050093123778e-01
1.716189471996803162e+00
3.469273606822022016e-01
4.649253054860938983e-01
1.406016911692622162e-01
2.804652260644908690e-01
2.042989783260064085e-01
1.167110846566131510e+00
3.932567554526567588e-01
9.423694419265925548e-01
3.643611431600114470e-01
2.424000510779757422e-01
2.993188472264266542e-01
7.128299801393573887e+00
4.073585941203171634e-01
1.950504465984619906e-01
1.196254676582059473e-01
9.255876196836294867e-02
1.260224641711661653e-01
2.941539468858949125e-01
1.565481134674598651e-01
3.921112796087699581e-01
1.175164560284130966e-01
8.029526836698219761e-01
1.691025685929647970e-01
1.174987499827735010e-01
8.976774423798623559e-01
1.593773540409085532e-01
7.961940325874760083e-01
1.132635664099278794e-01
1.171610760439981830e-01
1.083390948946467980e-01
1.692664549104385685e-01
1.022100928732818437e+00
2.382642259171650345e-01
3.096077059953034061e-01
1.206773376008790921e-01
1.596478112550563933e-01
1.793406855729167138e-01
1.261463449871972620e-01
1.982192945326993472e-01
1.310812074540010641e-01
8.870072942446298458e-02
1.996198420226855952e-01
1.912815968371673059e-01
1.011251176568759291e+00
9.873339334796900346e-02
1.802828507460069174e-01
2.184890432819655837e-01
2.606009325513400365e-01
8.462847172503405735e-02
3.043610262615392137e-01
2.701178705652679257e-01
5.113073115824197323e+00
4.508209810905158932e+00
5.844504259870504370e-01
1.977353662389778943e+00
6.182432606229893990e-01
3.269548594056617130e-01
2.846972391679059022e-01
1.849762189235705234e-01
2.444270949558710604e-01
4.269509723990937977e-01
9.898963042140359603e-01
5.433986096782444930e-01
4.011990912792998687e-01
2.145245945682856259e-01
1.534296675068991533e-01
1.024219764861837023e-01
9.690795957132279648e-02
1.298336568937905611e-01
1.924350239715052757e-01
2.353014364262488722e-01
8.102826511275890153e-01
1.056059074729615715e-01
1.741898471316659924e-01
7.487719943650446908e+00
8.779519156525204815e-02
1.319476681447293132e+00
7.195144218921898371e-01
3.454157991410869988e-01
1.417249630593236109e-01
3.599604313210805762e-01
8.918563985880674505e-02
9.182249496017493018e-02
3.387870134412458989e-01
8.388560133759820348e-02
1.088045857108961068e+00
2.369857289524244515e-01
4.256067326576887244e-01
9.712268816369787339e-02
3.402275765362118287e-01
3.056833821204846258e-01
8.346251201774947115e-02
2.298961695625617307e-01
9.255947449048949893e-02
1.698483814189429009e-01
8.192096611362961744e-02
4.290863465048355141e-01
2.677306678059048206e-01
1.111173022973073882e-01
1.422297447222005962e-01
9.755890452135299040e-02
3.154574705507945387e-01
1.057793517955995105e-01
9.719314158697328621e-02
8.147174597238199256e-01
1.842112134245172950e-01
2.459830785859527857e+00
3.920839331491203783e-01
3.638409077647714041e-01
1.505890748522270006e-01
1.247213324915285471e+00
1.531629886475834590e-01
3.843369381250840155e-01
1.399259474889716082e-01
2.070965047802626191e-01
1.433064233060772630e-01
9.068414973745109187e-02
1.419012014120421550e-01
4.050488755080645098e-01
1.058193330149137246e-01
8.989030735456866872e-02
9.941524304118717903e-02
2.101339017932777053e-01
7.810166161778984151e-01
1.623766152835003085e-01
4.555134422510892511e-01
1.935943575892757618e-01
1.539683590103352318e-01
1.090484534585010323e-01
2.654552633898530356e-01
3.157038651018237441e-01
1.992193229276518207e-01
9.088570062717880871e-02
1.324589162293804967e-01
1.310451699021489558e-01
1.900161795979506685e-01
8.910877233615011050e-02
2.859333862893374545e-01
1.983963567474820722e-01
1.050696014355398805e-01
1.420556225583686494e-01
1.297929098039886375e-01
4.732684970439076100e-01
2.394427337615459561e-01
1.268954023443867596e-01
9.197575817931726017e-02
2.287216129385512275e-01
2.768638382801641429e-01
1.097343113837353917e-01
1.174500135901215686e-01
2.261548331093807540e-01
4.203018561002507258e-01
1.163428233230696246e-01
9.392108161740514438e-02
1.842080591006569901e-01
1.079534014762020822e-01
8.786703560093757359e-02
1.703622087634315552e-01
2.053240802105332496e-01
6.880024547420260372e-01
9.414692023082379957e-02
2.714063844997159913e-01
9.821950356507766489e-02
1.747379059388138034e-01
1.656298975423133590e-01
1.618760556193943601e-01
1.203770718745550417e-01
1.626247093538324695e-01
3.539417755824518230e-01
2.745699520707716723e-01
1.817719626460795879e-01
1.539887106905903635e-01
9.298764187197195996e-01
3.115237549762390756e-01
1.645980366876953482e-01
1.093262960129865319e-01
7.566088599049018704e-02
8.407401100826786267e-02
1.671693720583084797e-01
1.217245985560336113e-01
1.401449769335780249e-01
1.525160012334757231e-01
2.640547234315525627e-01
1.105847723811188843e-01
7.838633917378792781e-02
1.467558252488643800e-01
1.214795367077640270e-01
1.423313835611419442e-01
9.466837732766850144e-02
9.557915197862791590e-02
1.152333348491951931e-01
2.528426367409048470e-01
1.594658467612969366e-01
2.601274399672516280e-01
1.543641447577334680e-01
3.073283857029989741e-01
1.205383116024677931e-01
8.214928024191919809e-02
1.559732606361862173e-01
1.231780029739806825e-01
1.384532773158270447e-01
1.280992130337319790e-01
8.738960703338617686e-02
3.165949322305189884e-01
6.328635445921666769e-02
2.475990498310320920e-01
1.177468041979618935e-01
5.859383532742181711e-01
1.714242354712460781e-01
1.607709032562635032e-01
9.970011300317004055e-02
7.593755187173634180e-02
2.413159766674816409e-01
8.536412102257567858e-02
9.745710079465237652e-02
1.409170621271343682e-01
1.877556912403905431e-01
1.231433725715192828e+00
1.526722525952587117e-01
2.473139264419216832e-01
9.618349059450730099e-02
1.324089820298476328e-01
7.912384772828529034e-02
7.676340296802849905e-02
2.438362568812388886e-01
8.591065064678972407e-02
4.488790115626455357e-01
1.538964500664951884e-01
1.035171030711045798e-01
1.578854529276708663e-01
1.437097183665244082e-01
7.999017804763178807e-01
9.225165680026123360e-02
1.405031478685580815e-01
2.153900830151535550e-01
1.521236211352064716e-01
1.257567002092600528e-01
7.726623026845076680e-02
2.163757373090025027e-01
1.380794872170401089e-01
8.460897729154816249e-02
2.622024149176638286e-01
1.311477298473806286e-01
6.547021196887413408e-02
2.002122838970822605e-01
2.358169168926404768e-01
2.729781932285311186e-01
7.515084857511680760e-02
9.812277122706640486e-02
6.612864018855615922e-02
1.579073785453618262e-01
7.723606873537153250e-02
1.743223097592008497e-01
1.093123169161798053e-01
1.366115316584807227e-01
3.431285396323859871e-01
8.695184057754630491e-02
8.008872262843895473e-02
7.170969792875486748e-02
1.622422041176907748e-01
8.485757424313594699e-02
8.087318325737054281e-02
3.076714503181561811e-01
1.143461331753619359e-01
1.121019362194732583e-01
1.387138183352567000e-01
7.041995596054467788e-01
2.302970667886450606e-01
8.059441778816799073e-02
1.865054361911664960e-01
7.535478573419837622e-02
4.231890291706666418e-01
6.901305574920699182e-02
1.015230403111439389e-01
1.742640912169023115e-01
5.300066671596558088e+00
6.360487085593746759e-02
1.120135994783852396e-01
1.161501319773848434e-01
2.792537632305413520e-01
1.759479438270145080e-01
1.535437604884968277e-01
1.749607706907445603e-01
1.379958576239724011e-01
2.034899745259784454e-01
8.704747495828944748e-02
1.171879591027738643e+00
5.217917502109214317e-02
5.914212647317708405e-02
1.470375488033190681e-01
1.833032215576088086e-01
1.160476367291373156e-01
2.672013152260423463e-01
8.891700153174885157e-01
1.086329398263150420e-01
3.400745463533728641e-01
7.600670755290792058e-02
6.008909138495469593e-01
7.055376072259642029e-02
6.933774705453246701e-02
1.449968705652825984e-01
6.871116543229778550e-02
1.572256834228460964e-01
6.514497725225826263e-02
2.037288558676749461e-01
7.215053721559870625e-02
1.114427352405166216e-01
1.247229672860167143e-01
1.295558539534915066e-01
1.037586191333016994e-01
2.340633763836582060e-01
6.034471016146461531e-02
1.127339803111588185e-01
8.835471243604609004e-01
1.088034545096071781e+00
1.195569972499879452e-01
2.446855769506441625e-01
1.340077478165910552e-01
9.719169231545254917e-02
1.275793120008031634e-01
1.301053068463834117e-01
8.944240679603214506e-02
7.664062644685973313e-02
6.398521532257581135e-02
9.981906501715327451e-01
1.300375417502648845e-01
1.587631187750756512e-01
1.119158071552945055e-01
1.304123794342595122e-01
1.221521122440933360e-01
1.834458633791502535e-01
1.354645869641004086e-01
7.780204244607488717e-02
6.745797925201575673e-02
8.347709137921990874e-02
9.168115842024741891e-02
1.586456457817259913e-01
2.081362808270472431e-01
6.177110350649139131e-02
2.427528911377362930e-01
1.215508962947417920e-01
1.289154738142382350e-01
2.465474553288227455e-01
7.337751414061197131e-02
1.921829924185327054e-01
1.063322893581264417e-01
8.561562864643974813e-02
6.077942329790613635e-02
1.172663988251068934e-01
2.825626020873968081e-01
2.516515025714654574e-01
1.000473021771159376e-01
6.276093368744267709e-01
6.942994707651410635e-02
8.132905045420046886e-02
2.334145645722390527e-01
1.660668435172570900e-01
1.159446484943114086e-01
2.771225473866856248e-01
1.875130626327210503e-01
4.651864401143045447e-01
5.740259689708784863e-02
5.930788059732326062e-02
1.431516229688769015e-01
1.223035392544771366e-01
8.436806086066632460e-02
1.352553820510795091e-01
1.830828459712012801e-01
5.842767318336633542e-02
1.741086804975913171e-01
1.627848971885742790e-01
1.689341819315828552e-01
5.598816898756477922e-01
7.030997585289214258e-02
8.930681598239685604e-02
1.409712547245620951e-01
1.390621761455632932e-01
8.548289272663697758e-02
1.377248478649560903e-01
6.908760807842054263e-02
5.308571526334374124e-02
4.498234873652713905e-01
5.710408822967451975e-02
8.983394580760865888e-02
1.758487965890701832e-01
6.732370512159933928e-02
1.084942470397627368e-01
7.343528362948759103e-02
1.135633199621857992e-01
8.573905981234163087e-02
3.200127866159555023e-01
6.327334779655097163e-02
7.684267657150010977e-02
1.197477212689047749e-01
1.789138415406336113e-01
2.429691221318297789e-01
7.683876551774292130e-02
1.135377844750477955e-01
1.338254721272162107e-01
6.013768065241659883e-02
1.336215276878750802e-01
2.861529745772107280e-01
8.484365788420998589e-02
9.454816735847883236e-02
5.922037114068378488e-02
1.322229007112004917e-01
9.022359079366362167e-01
2.073375149170056941e-01
2.035201436695267541e-01
7.736604627346753416e-02
1.742370504282570176e-01
5.402742979861829831e-02
9.548522418585521365e-02
8.649191229324806884e-02
2.321008786361883902e-01
4.253285145005441414e+00
6.605945167862413425e-02
5.895342480029689552e-02
2.022294523560185520e-01
1.555549384446267558e-01
1.036803437201880701e-01
1.077074492216157503e-01
1.018273958957150171e-01
1.092358607659045522e-01
9.893619406581634357e-02
6.969277625099176698e-02
6.153416424418726161e-01
2.127744249355330575e-01
1.479823530409582200e-01
9.037484238491917676e-02
1.072939420221939166e-01
9.231522914167868132e-02
3.782739344558616601e-01
5.511458474873290325e-02
7.664807640810002154e-02
1.585319120376294522e-01
7.921489770184338142e-02
7.389935274910906793e-02
2.145313220934570442e-01
5.881302363072600514e-02
9.944095101418382043e-02
1.616546926325775624e-01
8.860041779833752185e-02
5.659179086524818852e-02
7.968116156324071830e-02
1.931177352998666996e-01
7.716609282415480553e-02
5.083707235211042119e-02
6.166784843690822221e-02
1.051486160279913734e-01
2.651928149493090747e-01
5.999963162651161114e-02
9.525829707075479658e-02
7.349174366969880856e-02
1.943536011148729037e-01
7.873083446535739105e-02
6.689655040950336085e-02
1.427735765641096055e-01
1.197950767276136641e-01
3.911469379270663960e-01
1.101986939543346949e-01
1.645578557237551420e-01
4.429409280167524721e-02
1.281715501316565697e-01
1.184950601884802307e-01
8.624108211725022011e-02
6.583770235281477534e-02
5.029393044899185122e-02
1.248102129495897855e-01
1.347968882932458201e-01
1.145312922841477399e-01
8.901945135096396566e-02
1.110673422787714776e-01
6.681851672694633093e-02
1.129801253763785818e-01
1.103020443724138655e-01
6.507510484124666428e-02
5.419804043367751900e-01
1.058206763284592899e-01
9.526249714420717551e-02
1.030918580978587989e-01
6.743249263758067935e-02
1.080119649887877342e-01
5.656968721849233578e-02
5.950306529097579289e-02
1.046853756994500506e-01
5.578110088824143192e-02
2.093586280899836782e-01
9.204497085804230760e-02
9.815596047236790911e-02
8.614533422255675477e-02
9.169771865162064384e-02
6.685358189499794601e-02
9.880663945085078892e-02
1.081262033206870643e-01
1.966342175286283356e-01
1.401481477163852574e-01
9.144660336579021331e-01
9.188565413728770614e-02
1.170646159659160523e-01
2.603443169208454755e-01
3.327874879194225421e+00
7.092383689875332575e-02
2.242676673068256521e-01
5.420867236433328518e-02
5.758748486285023699e-02
7.101331979985474330e-02
1.017191402903866310e-01
1.332177618589853729e-01
2.068846197981949242e+00
5.812098960156262401e-02
5.000619472285443290e-02
6.376525585416678577e-02
9.803193816308015951e-02
5.348735007258601654e-02
2.034940800560046392e-01
4.857646826939092388e-02
7.338663736619986666e-02
1.552517415118920274e-01
1.429481857518917209e-01
1.920323079276874956e-01
1.087323849408109000e+00
1.225581461256105981e-01
1.035938136188985365e-01
5.973719786069129484e-02
4.582467997770441753e-02
1.022013062471277128e-01
1.104455475465187103e-01
1.004962404870398951e-01
1.023784816994940672e-01
7.544345017800879738e-02
8.305934124146750752e-02
5.751920223770471546e-02
5.785829226975478662e-02
7.097996594952646343e-02
4.887203728546568593e-02
9.515098143626089799e-02
4.370239166920459328e-01
1.019742336530980870e-01
1.216572134916551057e-01
7.869641144665243115e-02
8.958474889550017695e-01
9.962940724853117103e-02
3.755603748223755312e-01
6.928634212888859500e-02
1.629183215794785811e-01
4.091692044198145389e-02
6.910265353843102198e-02
4.488361822976098814e-02
6.975419992140198533e-02
6.345938895763048038e-02
6.405950157390957189e-01
7.049139961730277459e-02
4.046224634708520812e-02
2.920865772537250549e-01
8.887976238437989007e-02
5.059134177758309314e-02
1.022660703092357348e-01
1.218185395828060985e-01
5.409121212009508628e-02
1.070428121870944660e-01
4.834708774230775385e-02
1.797174063921554432e-01
5.895924692547278856e-02
8.756110184766670301e-02
9.271501866981968210e-02
7.704304126356736893e-02
1.120662858913006876e-01
6.122034006191558880e-02
8.825889168296167930e-02
2.840581770543528228e-01
4.540235286380094049e-02
1.480256276160718532e-01
4.830978144204551433e-02
1.368811948047327087e-01
8.712132198993306764e-02
1.000518843913111161e-01
5.702690918359136496e-02
5.178313893460381734e-02
8.796092616249266694e-02
2.115465503620587162e-01
1.541273176395160371e-01
1.281151267060409438e-01
6.645719153787649214e-02
6.204650314418472951e-02
5.640373476776304462e-02
5.317422515306528819e-02
2.124848259457454425e-01
8.235269134890778331e-02
9.946892377160121423e-02
1.107569891586766220e+00
4.659029048158603442e-02
7.838168334169320906e-02
1.127632062132565005e-01
4.123109945693570477e-02
2.438469705332153570e-01
1.131090902582636698e-01
6.130979925237614592e-02
4.424729472330678204e-02
5.741160575847367720e-02
6.547983657918211853e-02
1.059969988111671008e-01
5.168859828019287811e-02
9.000056209745403712e-02
4.860719352015067662e-01
1.778503077612607897e-01
5.632557634769681104e-02
9.476885051080294331e-02
7.681242841418302325e-02
1.104267090245217298e-01
3.681119093306108037e-02
8.946108106753865308e-02
4.365638125649248802e-02
1.604733668267332991e-01
5.968851410180286282e-02
4.835614447239855451e-02
1.179109319131472489e-01
7.040245895632514517e-02
5.644046308763221720e-02
6.990254392622005652e-02
1.259254974806160443e-01
8.429766122024638653e-02
4.110108333489342902e-02
2.207068890124845861e-01
4.550633764667768449e-02
7.143261986824582521e-02
1.380871791164502427e-01
5.804368762764803430e-02
8.176920566227965925e-02
7.055385675054985650e-02
2.311381137845226197e-01
7.493749303796753969e-02
1.052837905785382749e-01
8.583733371525680000e-02
7.902477008013301940e-02
1.362033512216825615e-01
8.235616127231100425e-02
5.289551461418081496e-02
1.045321374036582290e-01
1.850057902621661532e-01
6.533125664326729087e-02
4.701069776460891497e-02
1.935049762958217234e-01
4.202218780629162626e-02
1.305198308024108911e-01
2.688283288804810489e+00
5.180931626131647649e-02
5.068634180839817066e-02
1.631403799591892856e-01
6.419725059482453422e-02
3.965506933395455957e-02
4.396930316949137357e-02
1.045038916428591841e-01
2.380302646309893078e-01
5.153652055183527425e-02
6.855113968380222023e-02
4.382708986348168162e-02
1.577760982574737680e-01
3.611122617250169670e-02
3.150777218039339522e-01
5.598692310550215656e-02
6.344276551510261153e-02
6.898561501028080412e-02
6.456750285713708237e-02
1.453557121125451379e-01
2.170608571851750379e-01
5.530026413335095009e-02
1.022612796251763240e-01
5.494469045975435700e-02
8.131637309811509673e-02
6.643517833815515417e-02
1.751968537489926037e-01
6.631738117546526201e-02
4.398766171771094358e-02
8.015628540809997815e-02
2.715732276911322352e-01
5.593123856617700923e-02
1.359063342175409472e-01
3.803249473223247606e-02
1.003555386589893433e-01
4.811176113592761233e-02
8.776556610899483024e-02
2.016349041973221901e-01
7.344364047658394345e-02
7.784680907752253298e-02
1.386236269110067698e-01
4.520550108822186247e-02
7.841160286831795612e-02
2.194453760729077052e-01
1.942828577035535798e-01
8.253572891424545976e-02
7.868646568606985081e-02
6.163650169505481557e-02
7.711937235803577595e-01
5.748560151386433503e+00
1.228328459035579745e-01
2.708017484862363489e+00
7.985223519834404315e-02
6.235457094660101091e-02
1.224311091669597062e-01
8.968223714783826739e-02
4.775516477097697249e-02
4.283769915928319766e-02
1.107848588100759368e-01
7.750745128039124299e-02
4.378248799523136447e-02
7.757617166246107143e-02
7.929467531529132973e-02
1.871992795968233647e-01
4.624119220846348299e-02
3.662791462675798332e-02
6.446929753058840140e-02
5.206392836826473358e-02
8.702490412099628259e-02
5.694535497283381015e-02
3.653400012308666983e-02
5.017567085470403532e-01
6.842931794134127221e-02
2.015282604750723738e+00
2.705888736630215341e-01
3.479800265026222750e+00
4.395200399454679552e-01
1.321314756767277554e-01
1.269272184632489475e-01
6.146400945068479504e-02
1.248508451312382583e-01
5.736927541640009925e-02
5.160542017886116800e-02
7.260653850297796308e-02
7.009533826287202285e-02
5.550279909256996408e-02
4.517591469338434751e-02
5.020307653766775680e-02
2.248637445543547608e-01
6.727198431276396051e-02
1.033602239763120739e-01
7.912858299422730057e-02
4.133178114934451530e-01
6.975239179218219177e-02
7.954833168164159030e-02
8.721135368967486423e-02
4.601851710880755508e-02
9.253227716345199805e-02
1.202624053217751648e-01
7.262451989696978860e-02
8.889023357348049825e-02
4.740924276107177232e-02
4.364098482163222825e-01
2.746409368978992571e-01
5.105508114393433189e-02
4.254618537595342143e-01
4.187300157654159916e-02
7.430068560773087083e-02
5.874241563879880473e-02
3.869141812408890407e-02
7.443216902021397574e-02
2.110484954432930160e-01
7.553440879748841985e-02
6.594951978078344990e-02
1.850653418579412124e-01
5.259327840635221601e-02
6.205991170144745106e-02
8.867001146137391820e-02
1.336463218496231897e-01
3.240878523743403322e-02
4.480661067349757387e-02
8.376418714380631791e-02
1.580470830720391018e-01
3.492802097491726904e-02
3.277168081746814621e-02
5.761479311621817839e-02
7.480520171991675293e-02
2.194521299580233786e-01
1.246506528371569000e-01
3.699095743062402047e-02
5.571236807144745729e-02
6.994822754323269665e-02
6.392573961087891221e-02
3.947596481431740051e-02
1.604501000657019560e-01
2.058747030491316465e+00
1.343162458393755421e-01
7.833837146767039239e-02
5.749828376831171706e-02
3.488979886196096059e-02
1.902940800957355350e-01
4.817605459725426975e-02
6.197167483385539188e-02
3.818759740491665944e-02
6.251936393713021511e-02
2.807378773276644757e-01
5.999455400603253413e-02
8.763878825605490863e-02
7.280532895156083262e-02
1.345290260731751286e-01
1.804011644025918515e-01
4.698087723906646529e-02
3.488287943685954712e-02
4.984880593839869506e-02
7.326941798692548913e-02
4.792219477709139946e-02
1.511602431674942792e+00
8.078409379160610138e-02
3.092506249178819111e-01
1.070214549744345212e-01
6.055941430833317735e-02
9.045873863950623650e-02
5.711356039181905014e-02
5.965716158029976679e-02
6.195024715353641964e-02
7.657865491919008116e-02
7.213026371458389763e-01
4.895755239012830606e-02
1.959873534139524032e-01
4.235212614935193048e-02
7.112772927811913948e-02
3.953890714071219004e-02
2.671591560787983100e-01
4.447384412455618330e-02
4.221143848513621982e-02
3.645893855388897264e-02
6.711449998005933337e-02
7.531675679435531623e-02
4.020117191574617416e-02
1.021514036914879797e-01
5.323081109408828865e-02
9.921315410380680822e-02
7.693813285898955245e-02
9.338014322753993013e-02
7.976127656443265934e-02
3.190117193481379482e-02
7.888607257191297684e-02
1.711584149997891213e-01
1.875324270780513725e-01
3.758596156874483007e-02
5.376234494987496004e-02
4.628662976735405110e-02
1.885902513802704683e-01
8.039734001859749624e-02
4.696060991959880720e-02
5.913637480921675460e-02
1.798634035229750572e-01
4.499512913823272564e-02
4.666418930873826587e-02
5.281339331645286128e-01
8.383968554643025928e-02
1.912279170276217632e+00
1.712712031497896359e-01
4.692473147149817808e-02
8.906585695313545825e-02
1.053578552841861193e-01
9.605553735753817601e-02
6.634970994171089653e-02
5.175691607303353758e-02
2.000014947288522582e-01
9.043557369445563709e-02
4.111927474193227683e-02
5.420012579498365013e-02
3.403236355083853054e-02
5.325201989403933744e-01
3.367491378420926773e-02
2.291785012384572884e-01
7.330724275240368959e-02
4.685853803537014250e-02
1.244707804458163036e-01
9.280255039132857819e-02
8.959707413038585366e-02
5.350653102052591037e-02
4.851208155116793624e-02
3.779227438735015959e-02
7.851137870552528375e-02
1.141704164279078587e-01
8.181644041970537184e-02
1.211804331481940028e-01
4.675314699041394073e-02
4.060317403506226441e-02
7.957831720735437930e-02
3.645444590499852255e-02
5.675552204230292774e-02
9.942488322728489092e-02
1.291129254876768884e-01
5.418071214918220024e-02
4.647438449326603965e-02
2.840662392844536116e-02
1.390157741573954386e-01
5.320107156790050695e-02
4.991636133087025418e-02
4.916197396768426375e-02
1.078021758220291393e-01
3.343618515200205699e-02
3.545317131454857329e-02
5.390956801079426625e-02
4.287810029268247780e-02
5.427782340593976240e-01
4.601188257394155101e-02
3.081191059336504945e-01
6.759386106308182263e-02
6.579424035552984551e-02
3.972927727930205405e-02
9.294644700664178583e-02
6.289082247807362136e-02
2.892973765791067436e-02
6.032353393235157651e-02
9.921809473476832231e-02
6.427305480239435542e-02
4.770291627237553678e-02
2.759515843106359612e-02
5.503365831121698887e-02
1.127601858844248656e-01
8.175680831938957061e-02
6.125713748117167512e-02
3.740491393456283481e-02
4.593955006179484962e-02
3.613133895186765310e-02
1.938557925658874470e-01
3.858056795116741183e-02
6.387856986758215505e-02
1.021394458295908220e-01
1.580387973985262207e-01
8.476433342287584272e-02
5.492640609832388776e-02
4.300567331089803769e-02
1.194798651242306720e-01
4.268360037486077646e-02
1.751795175048553033e-01
3.978364776970425010e-02
4.738781350413728138e-02
1.767218594006473020e-01
4.202132274114853822e-02
4.047327270695708079e-02
3.950209138669840553e-02
1.680250469592163565e-01
6.774907678686337142e-02
4.062327216990324619e-02
7.513874729865592517e-02
8.854205593096459159e-02
4.270725842611146350e-02
4.471546815846921819e-02
1.859938671591844783e-01
1.021733293633384082e-01
3.610652354611841586e-02
6.566424729570945196e-02
2.686163950749653195e-01
3.825250064728911298e-02
8.599135829864933134e-02
8.501930578965569141e-02
6.936459401062557151e-02
5.431082716780631647e-02
5.095104321371907857e-02
6.825306108514422876e-02
4.115527850773674501e-02
4.293424436317325177e-02
1.178248576259087327e-01
3.362251636140949074e-02
3.153386792595222476e-02
6.725628393313910769e-02
3.003926344395177819e-02
5.257203078495075593e-02
8.046330470675754076e-02
8.918936236205209089e-02
3.840392406855077517e-02
4.921308171368147383e-02
6.475600868154665624e-02
1.912740238489177569e-01
5.262761403350697809e-02
3.132238658683838411e-02
5.333320663661348521e-02
4.067663805983295910e-02
2.347394537709039053e+00
1.675002334492314282e-01
8.855207450427179938e-02
5.308036090236241122e+00
2.961665893038734065e-01
3.180252485125342199e-01
1.615802079256318358e+00
2.123027815883602176e-01
6.465803500811449778e-02
3.999856425628534745e-02
1.627429386220091978e-01
4.350099884585112431e-02
3.845558161588640000e-02
7.812520625054807100e-02
4.275757849635668933e-02
1.398880397545623211e-01
1.410662310442721001e-01
4.522540248391553747e-02
7.846428503152180767e-02
2.868368141481635394e-02
3.660619162529778203e-02
7.943619690893670426e-02
6.052016606698280149e-02
1.997306964066245527e+00
7.258110880368609519e-02
2.418568446089985891e-01
6.336627743743274144e-02
6.864190557747897048e-02
5.677595724635312036e-02
6.242300146820543155e-02
4.890728751754964271e-02
1.324534672542084512e-01
8.231570870056714728e-02
1.432652370948356568e-01
3.212307415190707172e-02
4.932274597931465832e-02
6.935392664623790671e-02
3.607725855142594751e-02
1.484273576469167466e+00
3.815337092940676578e-02
5.636517505265374595e-02
5.009058378834808645e-01
6.909125961974349472e-02
4.798149345955016187e-02
5.572624051159445063e-02
4.206222434358681400e-02
5.861097105679646119e-02
4.034675077497018592e-02
1.179280868756664158e-01
5.663766218362896454e-02
2.815058505413263815e-02
3.985164337977753490e-02
2.500154037464428700e-02
9.802597762646046708e-02
5.812161766728510259e-02
1.908538332685580374e-01
3.526224651083081918e-02
6.238738740831531460e-02
4.425267757764210497e-02
8.884092057966543055e-02
4.583181433067694266e-02
5.839660563584083558e-02
8.062364955924612719e-02
6.968627296795611159e-02
1.834281916480247632e-01
4.079505795008170344e-02
5.893118567237126681e-02
6.609236882088906362e-02
4.236097110299783669e-02
8.082976491190584090e-02
1.236713691082234612e-01
3.475326438857986866e-02
3.398528470227506898e-02
3.287617492005218134e-02
1.782095597535867937e-01
6.764602809785266735e-02
8.530465566693815060e-02
3.077894555427675150e-02
1.196195776953595802e-01
3.800517680880612786e-02
4.572606769232778062e-02
4.363292303198199051e-02
2.074180828588742531e-01
3.906001384467837345e-02
8.539702021914717667e-02
2.929353196705420520e-02
1.301434480750759404e-01
3.953268350262247738e-02
9.336003904000572673e-02
9.036332277321131035e-02
5.501579317036436184e-02
9.729530481600122682e-01
5.166950600055453258e-02
5.464183466378209897e-02
3.794830054009114273e-02
2.797345591631784922e-02
2.927180501755004965e-02
4.070208212654929936e-02
3.292223400274162104e-02
9.160500896163097095e-02
5.972704783952472590e-02
2.762353946560422782e-02
7.970484604780718463e-02
2.003683687214241615e-01
7.856865548135312516e-02
7.223417993040702756e-01
3.957059725978766263e-02
3.148722809480359458e-02
3.367460363734199602e-02
2.440524892760182959e-02
7.612011829469712831e-02
4.324591219162422090e-02
8.558800752999272399e-02
3.795341247531321821e-02
3.306216135065972311e-02
4.326944886093854470e-02
1.057184372840398040e-01
1.386303888583929889e-01
4.636321087712960004e-02
1.488224755559952150e+00
5.027942529343210065e-02
3.370047914501436703e-02
3.258695917020382193e-02
3.965905113501631829e-02
3.195086320004836972e-02
5.655507238916559348e-02
9.092282300830113739e-02
3.917229077525984093e-02
3.762160110536445778e-02
9.489618067996793971e-02
7.520784520786526206e-02
5.008028893333836551e-02
2.633180282583025625e-02
1.884493216618349232e-01
3.855834587130603508e-02
7.064914514722483996e-02
9.843833927713764587e-02
3.162553674667436532e-01
5.728047841317968070e-02
6.289671680106420637e-02
4.396385235178455059e-02
6.093297747597790914e-02
2.900215702797978579e-02
4.629714219439370892e-02
9.857644188785046058e-02
1.803010355978038881e-01
1.284589251064958415e-01
1.464668803755591053e-01
2.964122930306237538e-02
5.050398456690784882e-02
3.905116036502758597e-02
3.713965883665271139e-02
1.377943134284610460e-01
4.384435171263085379e-02
3.580333977961878966e-02
1.356343625495814165e-01
3.755457036468924648e-02
6.373121692747914235e-02
1.063823608301442264e-01
4.254349032043245465e-02
3.249124046571575941e-01
3.431882419349652213e-02
7.918097701973668412e-02
5.347804892005451893e-02
7.297761563570207000e-02
2.502574429284215585e-02
3.571194636779523313e-02
1.758501939148590987e+00
5.313954901186855595e-02
2.539199012310622838e-01
1.068640008356758347e-01
5.108504250000880931e-02
3.847573142710638411e-02
4.956050435230370532e-02
1.064009098138595233e-01
3.150157105603211549e-02
5.415590854135666349e-02
4.296063892443050675e-02
1.220287211228814617e-01
6.714924081206220807e-02
4.570343375818770870e-02
3.104596594092929110e-02
1.054453065345134499e-01
4.144726000758318374e-02
3.684157785687413450e-02
4.382019372448992672e-02
3.911892557352110444e-02
3.864773194206995444e-02
1.445989730597943834e-01
1.017766445078940873e-01
9.120841285413365529e-02
4.480929671059361713e-02
7.867976320707500970e-02
2.782171098491669284e-02
3.434071460386334956e-02
4.725053199158140566e-02
5.053493533947817085e-02
8.712770787231348402e-02
4.611781277599235479e-02
2.316031079083534852e-02
2.731165921236954341e-01
6.228023776982458126e-02
5.004127691476093626e-02
5.613854990628011632e-02
4.372104110768745139e-02
5.227608371879922944e-02
4.246607232062069720e-02
6.368151813105177306e-02
4.861987494854456276e-02
2.963395335656106647e-02
8.170348165914619043e-02
1.068643489024227872e-01
7.626329143239715669e-02
1.373378424826276478e-01
3.734729768416385209e-02
2.848955689090600096e-02
7.285233507006397269e-02
4.005571700020447989e-02
2.509465138979493845e-02
5.124969345733803444e-02
4.491018445607673076e-02
3.201108030170413815e-02
7.459299646842036668e-02
6.584126160833300712e-02
4.473579086966951446e-02
6.033491913918309635e-02
4.976224209228972267e-02
2.683647600404923117e-01
3.471574495520726722e-02
1.454617884129663641e-01
3.375774425803890894e-02
5.913326005802543861e-02
7.658285455222374472e-02
3.572403628965621636e-02
3.527280258167590082e-02
3.243774222136732582e-02
3.607368364192826971e-02
3.747377217181247638e-02
4.865030585934034674e-02
3.825701325480019843e-01
3.040074726859384388e-02
9.177632446468490801e-02
4.257364245843185679e-02
1.461449322256009875e-01
4.202699893288651400e-02
2.354167149026343414e-02
1.637021961271579729e-01
7.974408314582169532e-02
4.655994101864194962e-02
3.882864997934151741e-02
5.798693851816277833e-02
5.347291690175520057e-02
5.128274850128244911e-02
7.289475720668134318e-02
4.131351914498002098e-02
3.776134060331493014e-02
1.763404352627901128e-01
3.176708013087569532e-02
9.392278279823645937e-02
3.067092409652363502e-02
8.017190145137974289e-02
4.267816668474488234e-02
4.434881815224463175e-02
2.718511665664773841e-02
5.790021094658096001e-02
3.285638337482502114e-02
8.967730483104052741e-02
2.650329595599194496e-02
1.547725702843794349e-01
2.456212855717081894e-02
3.968679587818678411e-02
5.258940834504045175e-02
7.966814414942051392e-02
7.601363201384872537e-02
8.136410659801734946e-02
3.546217001269919705e-02
2.991017219329406701e-02
6.815997649893709709e-02
6.394784246233432834e-02
3.684204440031663141e-02
3.317762279846349360e-02
4.012653283927862524e-02
6.518527015246773637e-02
3.956987609333490613e-02
3.552410344342138426e-02
6.170958372899995603e-02
6.657072071109296219e-02
6.154189330684624037e-01
3.250298874623853973e-02
3.516885906327785888e-02
2.731620266263395588e-02
4.163301724037413859e-02
4.404474479226019867e-02
3.982976482254341200e-02
3.668124510017531370e-02
2.292754616942801332e-02
4.148378886042677904e-01
4.865919834898191354e-02
2.291601235250357096e-02
4.785366169319386215e-02
2.434014119783333222e-02
3.277974685409289213e-02
2.644317921092474363e-02
4.031481881406748929e-02
3.209851719240430779e-02
4.805491325150729881e-02
6.816713585142478160e-02
2.318016682983305848e-02
4.584945989385350723e-02
2.683358763875964836e-02
1.042521309247591704e-01
8.908220855740141275e-02
7.047219579072994122e-02
8.718832130795964308e-02
2.831610094448331477e-02
3.484279137666314030e-01
3.686702117638161053e-02
4.579594827919573202e-02
3.676853400013876949e-02
2.816297469968567085e-02
5.474483805027823002e-02
3.337597606504795478e-02
4.400318989712067447e-02
3.334401817554347169e-02
4.674812742241444413e-02
3.693790946946830245e-02
1.319681892940686718e-01
4.576600274011505959e-02
2.095834599326277733e-02
9.394916647903273077e-01
2.715169687710247345e-02
1.025505054589479631e-01
3.601533987045796997e-02
5.050604650203421864e-02
2.317872250714713214e-02
2.956122159076193801e-01
3.884275074588249693e-02
4.206051929874937007e-02
4.371487573439682833e-02
1.444331684991033704e-01
2.649277765655408054e-02
4.894401321887287271e-02
1.318797988556621725e-01
2.914812866775143979e-02
4.567556322153881049e-02
4.882786386033514947e-02
3.038882547948108109e-02
3.750562214856818788e-02
1.440487210906124804e-01
5.138369209112211844e-02
2.346268108257379761e-02
6.157718234447764200e-02
3.744152767343583710e-02
4.698895260505474292e-02
2.485488223922277806e-01
2.646599264711199662e-02
3.419905547916655270e-02
3.200107514745873655e-02
6.490481484240097354e-02
3.207088721112175828e-02
5.863176983500274081e-02
3.065591931989250507e-02
5.966748522653470693e-02
3.237105357034804343e-02
5.170556616707138592e-02
2.890451970440537782e-02
4.750983853168271737e-02
7.545948985963903122e-02
2.586917489555793370e-01
1.011093990242885182e-01
2.207500350199496919e-02
8.819826044413542343e-02
7.532014462462370552e-02
7.931699919102033758e-02
4.367606833363002483e-02
4.613137038262532519e-02
2.206758301111125253e-02
4.715298341300871304e-02
4.178748993680062723e-02
6.393078070850659322e-02
3.520578810540633125e-02
3.984084866452898555e-02
4.098554662563283491e-02
2.837748490025827075e-01
3.019012932266193147e-02
1.125303431684815836e+00
9.921388196308279783e-02
4.159482027786321617e-02
3.245640313318857995e-02
5.566118632749550432e-02
8.459303641233162363e-02
2.108006910112386958e-02
3.323163147372561882e-02
4.464487463173470033e-02
1.528792185267509596e-01
3.358513357447447112e-02
1.475789339997251592e-01
3.624059939970693950e-02
2.915847355755296980e-02
2.575301468129665566e-02
2.045397504877727313e-01
2.696992166212489397e-02
3.281388619043379418e-02
2.873550900822488888e-02
4.144766521922794988e-02
3.860068418294275439e-02
4.544908861807037126e-02
4.502619742316298079e-02
4.381326669141055730e-02
3.336743630219601159e-02
4.263040894047620544e-02
6.304559978315799063e-02
5.134026267341212230e-02
2.833875987755048176e-02
6.366375281782596374e-02
3.961684044659406073e-02
1.040140028181800874e-01
2.432526324456988492e-02
5.956264162067940321e-02
3.958910113728148633e-02
3.729847919904327042e-02
3.353173215130158397e-02
3.212103868930328565e-02
3.914964724641453730e-02
4.751568357130757370e-02
9.003400427719701615e-02
8.752533915668414544e-02
3.668925319048367550e-02
2.992720273944828382e-02
1.216390670188677858e-01
1.296348346269924068e-01
4.477238378129949625e-02
3.653128849035722214e-02
1.949605472558820496e-01
4.582450944106188084e-02
4.903662998731057182e-02
1.003973611895823265e-01
3.632479456519572825e-01
3.721244580329997192e-02
4.414723718837638283e-02
4.967256577522927846e-02
3.934684076314912821e-02
2.227943141777611602e-01
4.566052173349926385e-02
3.673295645055991987e-02
3.021622236889235855e-02
2.966481728741176063e-02
4.675648112752588820e-02
4.461632622997576542e-02
4.735096524009430041e-02
6.174057939064215433e-02
5.526749262368606253e-02
6.101239116513450245e-02
1.419312112671895498e-01
2.537559203227679819e-02
1.575093896589753739e-01
4.560428962242384782e-02
2.883135319494326693e-02
3.534421463618701159e-02
3.021556692032493358e-02
6.991262111051523009e-02
4.080506739191038651e-02
2.430955672572378962e-02
3.592542867657576300e-02
9.519357203101366793e-02
4.295590135734600468e-02
4.486255166197808397e-02
3.837579060646792439e-02
1.019470752477447562e+00
8.603175252512253179e-02
3.614308453767452883e-02
2.063979729280051439e-02
4.345045218507769674e-02
3.315163667502452061e-02
4.971896246120527385e-01
2.814414839269946400e-02
3.351531642356415236e-02
7.018345637303279039e-02
3.640969216427509397e-02
4.607234403277452039e-02
3.274711537777800358e-02
6.541156001263867537e-02
2.940929423054227179e-02
4.114134342305102859e-02
3.203943947461002084e-02
9.662935082173182422e-02
5.851443121419375865e-02
2.019548651101274184e-01
3.197311262348116745e-02
2.869358207727268004e-02
3.777229049698030416e-02
1.477327680332506943e-01
3.510463674883600865e-02
2.390477411214072048e-02
3.999556783519458980e-02
6.092111323477922974e-02
1.800253306293377736e-02
5.961609782170945726e-02
3.187578659034460277e-02
7.625075308852526101e-02
1.317425469666173576e-01
2.436284924568067611e-02
8.297304061277391285e-02
3.714618038035032155e-02
3.002054873799555809e-02
4.218294066914622664e-02
1.236941415898479418e-01
2.837079442106637400e-02
4.044187533518133620e-02
4.915777388536949483e-02
4.215850627345706786e-02
2.120209110942549921e-02
7.669215221560012063e-02
1.857659294166775776e-01
3.152500661299778573e-02
4.339710840857359531e-02
2.636356837189772484e-02
2.973484440127530798e-02
4.498520505258616492e-02
3.064261133243479512e-02
4.036706422264707550e-02
2.213594825913878933e-02
8.311703988367752372e-02
3.231044605968820538e-02
1.235161946393801419e-01
2.524516125690606100e-02
5.589646832004414867e-02
3.723776475870346769e-02
4.350011022948193501e-02
1.164000811575389011e-01
2.577953296514524581e-02
7.724454327853907953e-01
6.439892405889188765e-02
2.381119820537781415e-02
1.927982003367217645e-01
3.754645441440528780e-02
3.354058006209836157e-02
6.425671561541926313e-02
2.751176165314065877e-02
5.949554985240085303e-02
2.678063700414256079e-02
2.945989464418726986e-02
4.402697307503482954e-02
3.262622729712202907e-02
4.378838769604016801e-02
2.254003556417508852e-02
7.241224909479053451e-02
2.891523403410162230e-02
3.829394757285520257e-02
3.568646809529130853e-02
1.618343735075040701e-01
3.545713898078478588e-02
4.395541347196255805e-02
2.575755071450714154e-02
1.239305746741583142e-01
4.579408352093955470e-02
1.709771235804699585e-02
2.908716163140923072e-02
3.675650824466166616e-02
3.725456570578442039e-02
4.527268912358534125e-02
7.664427787249504520e-02
3.497624214687476696e-02
2.278032311836900720e-02
3.856392524863880983e-02
1.860202826115765762e-02
6.226446073483583865e-02
8.258864086801582793e-01
1.807136638770013293e-01
1.329829919991782350e-01
3.395385336579929275e-02
3.394084584810658917e-02
3.002197230455462551e-02
3.262954730515144758e-02
5.623751946275845626e-02
2.979307577016544403e-02
2.307909257665805014e-02
2.897508116707182488e-02
3.028513486860287887e-02
8.329250726549004558e-01
5.139123928120500895e-02
4.703778372583439921e-02
3.156665958846488484e-02
4.091617608692087182e-02
3.352124656478574355e-02
3.624205513773596371e-02
4.601953426665755797e-02
2.042075595637227875e-02
1.774349328743765955e-02
4.096635230316651721e-02
3.978284385722354738e-02
2.127452505447886832e-02
2.327665666213235562e-02
6.837221523553468350e-01
5.892231999382065155e-02
5.055429140647373781e-02
2.572650335064172178e-02
6.706943693953702768e-02
1.615587579142079566e-01
2.814491691013564292e-02
3.316225917645364979e-02
4.843254177883973832e-02
3.497274953618829257e-02
2.511236284416647549e-02
2.802751183260824425e-02
4.134119625741890514e-01
1.702723358509146065e-02
2.793714127085531254e-02
2.755655239797311085e-02
3.828743875167960747e-02
3.362387493420856271e-02
2.710199392822865497e-02
3.083307851853413564e-02
1.684002597251941513e-01
3.291964426342035982e-02
2.392053666942726628e-02
4.559978309995969120e-02
3.523825827637380725e-02
1.716142984090534285e-01
3.033407366177938436e-02
2.711524333773590936e-02
3.400667253216291958e-02
6.390665498356246088e-02
2.590563158445308503e-02
3.372745570121358366e-02
5.918073415256224629e-02
3.742499253876525184e-02
3.747098731020252066e-02
2.432043489041487566e-02
8.907746740564789767e-02
4.792307509022038225e-02
2.393358547491978433e-02
3.315417597974239239e-02
5.025521741244095425e-02
5.393344709229688089e-02
3.477386626474922998e-02
4.007163112009892725e-02
4.305115954214283613e-02
3.520796735518721271e-02
3.179858743641602453e-02
1.157298701948942937e-01
4.661311095857878506e-02
2.449930218482505861e-02
4.936959646254097944e-02
6.312416296846327934e-02
4.137888703803161566e-02
5.446044786954606226e-02
4.823089471115223764e-02
4.991726569681903536e-02
2.882496362483862040e-02
3.948113631390978706e-02
5.924942791773011447e-02
2.926831108705488793e-01
3.353106546301726915e-02
2.953124200882299710e-02
2.535373527399048185e-02
6.100132696859374842e-02
3.801445383439194109e-02
1.630652794797821936e-01
2.974870392587643936e-02
2.523290562264984133e-02
6.677977666177974114e-02
3.678191984600390901e-02
2.793071430055454191e-02
3.673516035483954251e-02
5.849548093401515242e-02
4.542691594405036393e-02
1.305325691769543550e-01
4.811759355850597081e-02
2.130926792570840000e-01
3.137297910884585816e-02
4.383662289081466379e-02
3.456672061706168864e-02
1.786854503459929175e-02
4.239259598802125328e-02
3.056960830300720078e-02
7.843397239426509737e-02
2.709717159770958991e-02
3.415971269965140805e-02
9.393240218639840045e-01
3.742992370003441621e-02
3.957514129147829407e-02
2.924102486589219910e-02
3.150941126264161785e-02
1.117242589072292985e-01
6.676305414320501397e-01
2.372977645247142942e-02
6.885946222812168449e-02
5.938758548704516083e-02
2.302760038271132667e-02
2.162554981542663679e-02
3.932114271049393095e-02
3.642744108296258609e-02
2.436642080882659572e-02
3.640777075005313668e-02
3.856672699484815087e-02
3.376020998033101711e-02
4.122152205372843492e-02
3.999663585242271141e-02
3.046394656053819094e-02
2.754758409606131164e-02
6.394383644683156176e-02
4.623425909992721905e-02
5.130033483861184268e-02
9.309709501394763942e-01
2.209855683418121206e-02
4.124557697295872655e-02
3.617759308884899855e-02
3.932784589656282415e-02
2.074395875933697161e-02
1.113070463836742796e-01
2.198433831581606338e-02
4.430398868731195983e-02
2.444644507371121836e-02
5.795265809509931448e-02
6.791515870372022423e-02
2.980508603804265383e-02
8.988865302200398089e-02
3.100818880209571873e-02
5.374235528831343423e-02
3.690106749980145984e-02
1.380013751545878575e+00
2.436263996321386474e-02
4.325709281847476412e-02
3.721402086796558872e-02
4.895604620805731749e-02
4.812459282674078770e-02
2.753531908962235722e-02
3.842627687802625119e-02
5.069433933065434217e-02
2.212189787099749436e-02
7.576103485877250243e-01
3.027137687378153585e-02
2.878635251713189402e-02
2.799072285501490523e-02
5.946345019846911023e-02
3.059793708890858402e-02
2.093180694594647812e-02
4.560862328998910309e-02
3.253908276939831284e-02
2.075902352507978665e-02
2.801391188839198049e-02
4.654492173382804299e-02
4.355994809531404943e-02
4.948466779318137776e-02
2.080115205827061733e-02
3.638635976741962097e-02
5.269158706006825399e-02
2.895896415049005121e-02
2.488021767188077285e-02
4.025811534859631557e-02
2.957332102493693271e-01
3.457701562352329810e-02
1.821804825950381831e-02
2.283306085681126654e-02
2.399450485479891260e+00
1.310892495167473581e-01
1.710073924693686909e-01
5.821824605998590640e-02
8.685513794327123449e+00
3.263701902930256082e-01
2.908970912934727426e-01
9.585360682705175162e-01
8.523445940165037815e-02
4.971204778219164289e-01
1.322106185720069715e-01
3.240419078544064246e-02
4.055464074815842007e-02
2.971024323751821072e-02
2.999081055827300391e-02
4.238771758221126368e-02
1.748628444783875691e-02
3.777363106710821677e-02
3.577125064391045023e-02
2.933304117267127031e-02
5.116646363315826423e-02
2.855958440260116665e-02
3.130416268421535447e-02
2.933729682699541194e-02
4.996064479907627587e-02
2.721156299884247565e-02
1.549207435189008031e+01
5.817627598897917807e+00
2.175748956903976739e-01
2.774899809158730135e-01
2.310700520578089501e-01
2.239610462243057931e-01
2.685758623574037718e-01
2.587533961820434603e-01
2.253689971934995928e-01
5.426451026343458162e-02
2.607157860749023670e-01
5.287470957564202600e-02
2.242695815853273378e-01
2.841635655409218905e-02
5.205657404535344451e-02
2.390396572821776311e-02
4.977636448057318891e-02
1.741661600734033255e-01
3.290480890097631506e-02
6.573830147483579467e-02
6.245220906525974364e-02
3.543839965121660385e-02
2.273056448824757256e-02
5.031253766821822127e-02
7.450680645737880470e-01
1.778734065234484352e-02
2.159516543850877046e-02
4.185388483325433451e-02
4.517594593210638720e-02
6.776128631707356575e-02
1.708481600201969264e-02
3.409667962100878386e-02
3.097952026179305596e-02
2.713918233007367453e-02
4.162575989363272860e-02
2.450575051837627569e-02
7.663743307038636821e-02
2.026987925194765477e-02
3.500295084403934331e-02
2.554142466799583580e-02
2.231990444909077997e-02
3.062194817943088287e-02
3.560997573483900419e-02
6.824953479040665738e-02
5.553487303930023516e-02
2.434545388822152018e-02
1.888806829447518473e-02
1.836765743030268627e-01
5.020518155339359634e-02
4.980929817913197499e-02
3.806975001950287790e-02
4.087338153926708267e-02
3.319033424282753081e-02
2.780465357247667926e-02
1.789852412322294473e-02
2.364105688746294051e-02
7.523681099208383294e-02
5.750363884542158271e-02
2.059213453471021166e-02
1.205610224731072933e-01
2.636561417239198166e-02
2.187964013079689643e-02
2.625058505331904699e-02
2.067003806782722122e-02
3.308962401865817027e-02
3.596891513501940946e-02
2.005446905968941498e-02
2.090687652517099829e-02
8.007185052322247920e-02
3.369417137851175859e-02
3.498917484052876947e-02
4.669210497573805796e-02
5.101867745559304085e-02
2.474078770569161992e-02
3.007071868077822174e-02
4.156292483588105297e-02
2.823132499775422508e-02
7.111195077007398391e-01
3.920917360718779998e-02
2.014787473484354677e-02
4.734025733582664097e-02
4.647135505189469579e-02
2.380243306501847803e-02
2.303007372538165565e-01
2.580878476504109079e-02
2.512825102516064862e-02
2.805788068138977825e-02
1.796111311656809276e-02
2.648703558828182161e-02
2.886298748274422621e-02
9.754001681931644130e-02
2.572516960261298641e-02
1.615468161820995605e-02
5.671991754866664848e-02
2.792600277455738883e-02
3.083317630509282287e-02
5.684596308955664618e-02
3.740749157517827411e-02
2.785483147364579970e-02
5.088894898004733824e-02
3.014964906238598585e-02
3.136169230771402444e-02
4.343981372335050523e-02
4.376391600008615324e-02
3.900527319564730394e-02
3.033825422705667407e-02
4.817686044033803877e-02
2.303961081320125837e-01
2.123131377820893992e-02
1.312601614965512309e-01
2.540471179851819944e-02
2.233447300410311767e-02
6.031860242254909882e-02
2.188485947901314121e-02
1.983789700207201634e-02
1.398841626514677194e-01
2.733704814574914460e-02
2.787749173860340490e-02
4.494118857528062172e-02
1.097008377986084388e-01
8.790927367392278313e-01
4.458220514604351037e-02
2.405631501368984612e-02
1.718184635558852105e-02
1.610784891482844317e-02
2.182935231887223743e-02
6.228814145356235954e-02
4.212613178818550019e-02
3.608026835880421418e-02
7.384279482788361215e-02
2.008688927965968096e-02
1.026036217952295548e-01
4.119846752187784900e-02
9.124887905956403644e-01
5.040175111473431391e-02
8.166882924238513808e-02
5.295290634717362277e-01
3.444129133704633416e-02
2.738492364791478631e-02
3.818833425057304581e-02
4.180854316432965068e-02
3.759882977775203666e-02
2.703568872621992664e-02
2.346783347313634999e-02
3.122264126189976813e-02
3.251876666508492913e-02
2.453362568710444266e-02
5.756670582372417494e-02
1.774957599108705278e-02
6.797763466990779102e-02
2.981148615687503889e-02
4.238909847844162665e-02
1.937151314893108267e-02
1.819646868541156468e-02
2.732115207763728681e-02
1.712467157071149645e-02
2.721067420386338864e-02
5.704738278541228447e-02
3.103381830217069245e-02
5.533289121093484808e-02
3.711210746217214612e-02
2.679730513553753996e-02
1.645299858974531848e-02
8.434857347556437568e-02
5.430656333359945576e-02
2.730887748214380628e-02
2.153835659020282289e-01
2.716370652970233612e-01
2.517457578190644696e-02
1.816803997590214423e-02
3.056445320825390208e-02
2.194351442857736187e-02
2.537600425935026063e-02
1.776930672899813476e-02
2.098520353274910613e-02
4.327151132450896692e-02
4.028667117172586576e-02
3.331851856198117523e-02
1.219342792837322942e-01
4.752868632212274569e-02
2.254777037453268088e-02
7.328432326482703374e-02
1.251980622216715133e-01
2.289195948448043486e-02
3.386328134503158171e-02
1.613180497264820115e-02
1.902026544237249081e-02
3.809569752516167584e-02
2.679861982154147643e-02
6.134327076824994118e-02
2.667821992002204073e-02
3.558568674654619124e-02
3.359623816455518941e-02
1.726285964068860826e-02
3.770394726584613138e-02
1.834774877359133041e-02
3.270730774545303060e-02
1.145088975535372700e-01
1.940314144927307929e-02
1.111243325358154954e-01
1.695812086927355258e-02
2.064049205957308938e-02
4.206968833640824940e-02
2.636619514146831822e-02
3.531928531895832390e-02
2.391469645489592219e-02
4.400717873275783454e-02
2.950623145364228428e-02
4.539763693819232060e-02
2.482306484661735146e-02
2.529778467900984512e-02
6.925412070750874838e-02
2.193402954041767661e-02
4.469324818684483613e-02
9.194352056307295018e-02
2.082862477200311466e-02
4.985970550341504992e-02
2.354497846745457271e-02
2.134692532226043979e-02
2.971258053199493099e-01
1.957908257985198699e-02
4.064532979717042083e-02
1.046288545819054061e-01
6.067861217323930467e-02
2.266083543879120893e-02
2.506721823920057823e-02
2.964773074586155716e-02
5.433236679257704566e-02
2.880922527075699749e-02
4.248392979824067162e-02
3.821938459237501917e-02
5.826232825624049622e-02
4.117574675316664629e-02
1.149191519896501784e-01
2.515313603018527050e-02
2.951655745740528608e-02
2.551822763592569154e-02
5.039743198724429274e-02
5.165672886318255219e-02
5.882005776285313681e-02
2.012988918215875486e-02
4.617640801904988879e-02
5.512436997868176425e-01
2.563433896878746301e-02
8.227831706185241289e-01
1.519630707271154013e-01
3.708468883187483744e-02
4.151886828514485955e-02
6.344444991447747983e-02
5.459284088510318877e-02
3.479444449091904229e-02
2.169386006676823214e-02
2.028303287417140138e-02
4.888461040086108239e-02
3.454006515885143375e-02
2.022919641141140285e-02
2.484601960281147826e-02
4.833230808886820884e-02
2.005656979575220003e-02
3.291499284985856255e-02
2.541260816836629632e-02
3.630285924543415199e-02
6.794430719318846901e-01
3.357973679908063391e-02
3.398396145541205532e-02
2.608334993590511602e-02
1.376227836921864456e-01
3.999127914834398750e-02
3.040303671200163954e-02
4.522233466559113374e-02
2.877112366664213300e-02
1.142834413725604681e-01
2.628601722242547220e-02
6.194283119506707735e-02
3.739378795181434734e-02
2.557528755659064373e-02
3.220844971942130042e-02
3.357338033896977575e-02
5.621872625113093908e-02
3.505095970317716886e-02
4.349958888085442982e-02
2.215727140230307896e-02
5.152957188674554823e-02
2.237999634287495335e-02
4.486302416522501557e-02
1.842140782981349992e-02
4.999824799181968454e-02
3.523275771781116117e-02
3.776467660545802796e-02
5.951949840786667500e-02
3.149615595168162724e-02
2.453887120058523275e-02
4.016912815883083576e-02
7.235170600548057607e-02
2.036927077294374902e-02
4.715104508963027796e-02
1.857989508880014337e-02
8.782581689128989011e-02
2.519695635822756172e-02
3.153366679977674947e-01
1.177958461189357736e-01
3.013088166809374871e-02
2.608534742928933850e-02
2.932545133581199864e-02
4.851122386585152851e-02
3.992099780845970169e-02
1.564481821695459796e-02
3.199759983775735811e-02
3.049412213711821251e-01
1.667471535520641951e-02
6.710265426098555031e-02
2.085619635770005406e-02
2.754046707454760323e-02
2.718434290954094279e-02
3.676995345796798403e-02
2.859772440461195997e-02
1.087438044012424138e-01
2.669563752548758176e-02
1.544904083136780341e-02
7.025888356117404587e-02
2.338974014389057221e-02
1.843888503985909033e-02
4.365763105729340843e-02
2.815876194768922314e-02
4.518196396110308460e-02
3.180320223369207527e-02
7.487799629007423075e-02
1.957103799044193626e-02
3.125353403026760735e-02
2.850617271454927368e-02
4.642423738429902330e-02
2.666971514645044214e-02
4.959803018932815860e-02
6.708241046476175473e-01
2.915638530220911531e-02
1.611585637763693346e-02
6.075456882937649988e-02
8.887350116897461960e-02
2.893085558584219605e-02
5.531021416382355532e-02
4.482448922426496979e-02
2.707770769560941676e-02
2.707901379715169782e-02
8.344710324201827512e-02
2.734566470175925357e-02
1.853085199721480822e-02
3.564414501533535312e-02
2.023549140367430707e-02
4.353827536837585194e-02
2.445675028202678666e-02
1.478918598154581321e-02
2.846395751886372436e-02
4.360275348631479503e-02
1.954843339071558883e-02
7.774723597592689273e-02
3.894977168643713045e-02
1.810370158854758202e-02
2.264169252812249511e-02
2.665037766821127391e-02
4.742817876776286856e-02
8.199851308035305264e-02
4.466286064259770289e-02
2.528622289689327202e-02
4.534357104083920620e-02
2.651421288809579363e-02
4.781532706720831305e-02
2.348876243858900870e-02
1.560117214651716121e-02
1.757352994654100622e-02
5.153396577488185415e-02
1.838926187187815350e-02
5.322832331492473312e-02
2.928058335210653035e-02
5.911191019551530895e-02
3.791778935135009521e-02
3.418386449679400307e-02
6.163794143011005477e-01
2.456373387400200350e-02
2.042923362444160063e-02
2.298309136103220823e-02
2.740499074859339967e-02
4.648522663435542684e-02
1.031032467804907371e-01
5.164437472571384996e-02
4.170278885988204509e-02
1.980117283738804662e-02
4.162423119512442121e-02
1.489994953101581379e-02
6.104319209720900086e-02
5.866776118355740977e-01
2.824795182345920044e-02
1.851382388182034461e-02
2.952031739964460985e-02
6.613392356415629392e-01
3.723538295364704764e-02
2.173782686077003340e-02
3.224804919951029109e-02
1.696383274443558423e-02
1.899935468636123129e-02
2.804732378538280640e-02
4.491705244194852537e-02
1.852955743325548910e-02
4.400871984551576327e-02
4.323861886628256601e-02
1.775617488641922578e-02
1.906316096901184906e-02
3.533308368166732105e-02
2.172035761362616987e-02
1.882216891484583821e-02
4.244952507877484266e-02
4.335410091878812155e-02
3.438927638675421533e-02
2.929006996304493737e-02
1.853050287985004083e-02
4.667494752321189183e-02
2.195343770291762614e-02
3.678954634720989908e-02
3.560001036721514162e-02
2.489606500500584838e-02
1.539660133226214422e-02
4.634722314409898958e-02
4.609380219919584354e-02
3.081364167836083898e-02
2.689557594292817794e-02
3.742788213674726888e-02
1.716963117816370718e-02
1.901995255041524086e-02
5.634656105848904334e-02
4.956532967222752190e-02
1.510557156148960821e-02
1.906615327233673884e-02
1.915095142764015185e-02
2.232306305960911688e-02
1.840622026976088815e-02
2.248764246233283387e-02
2.886750685150322321e-02
1.537227644473901367e-02
5.608693952732958510e-02
3.553029817484253117e-02
4.588986870252204087e-02
2.265927129803869955e-02
2.127936152684768364e-02
2.262640164555624125e-02
1.802429428673541986e-02
2.967387682457261339e-02
1.638085831364927483e-02
2.139826129845246935e-02
5.140924955442514876e-02
2.155591832372793712e-02
2.412376893239205969e-02
1.573216076215447901e-01
4.608931544525390889e-02
4.645468781813162640e-02
2.826467518435288317e-02
