1.182645782757908853e-01
1.102483651381293145e-01
1.041528517890922545e-01
9.806600454598378425e-02
9.405386316493617727e-02
8.960510806077220947e-02
8.577564813100746477e-02
8.169379331842267777e-02
7.832326127939437388e-02
8.062789997611786996e-02
7.792780294869160185e-02
7.560593324725413400e-02
7.237946766964387102e-02
7.007877137527951383e-02
7.302364210112298470e-02
7.089205353822794486e-02
6.883200905143789516e-02
6.704873143191496243e-02
6.520539766648619784e-02
6.320629486882842207e-02
6.115172847952620588e-02
5.922993595338910816e-02
6.063217817220958872e-02
5.951246461787083886e-02
5.843269613789361938e-02
5.739654385912417583e-02
5.587481876248055063e-02
5.442942738233069733e-02
5.527749274301329424e-02
5.447657325347230600e-02
5.316081320407090721e-02
5.169547200584839047e-02
5.041180619109940364e-02
5.087075973293903042e-02
4.958671704551726594e-02
4.844714171444443329e-02
4.737173823544593709e-02
4.632321630015520664e-02
4.541004840801864811e-02
4.447777579702846817e-02
4.387564565806609251e-02
4.475253661147811368e-02
4.420261866694336073e-02
4.487087322575742526e-02
4.397525924745163128e-02
4.319456336734278645e-02
4.359209690716637359e-02
4.411929830431107757e-02
4.499138140694519672e-02
4.453998808508710661e-02
4.390360940360849007e-02
4.423525355934509323e-02
4.480996864884614211e-02
4.528768929195085835e-02
4.570480773220681608e-02
4.499251827858734287e-02
4.541947886153170633e-02
4.606759662635975111e-02
4.555044798690754265e-02
4.486404314720329051e-02
4.431719818575999975e-02
4.346282860101095824e-02
4.382050294126431378e-02
4.324192910133082407e-02
4.250761489218673334e-02
4.200678330082904810e-02
4.126963112578470316e-02
4.146087657884161420e-02
4.088756952052614163e-02
4.035260796135015787e-02
3.971896421895525220e-02
3.908286633324769416e-02
3.848543224093203818e-02
3.802671284650961658e-02
3.762069145242605966e-02
3.796044054344929752e-02
3.745921761208412248e-02
3.789385769608135529e-02
3.737359343686535995e-02
3.775315084721074521e-02
3.799280640586038399e-02
3.748249942117883732e-02
3.709528571873917102e-02
3.664735896710926560e-02
3.689344826243447228e-02
3.727702391784130237e-02
3.687970082632145014e-02
3.644298151863888807e-02
3.671846172552323262e-02
3.630105253340525778e-02
3.669754778223210251e-02
3.627629257580564093e-02
3.593294469872050645e-02
3.559464014609835941e-02
3.590614633934445521e-02
3.624918836551822843e-02
3.659010484010665615e-02
3.629351158149667078e-02
3.596840403160454086e-02
3.562967499956210676e-02
3.533752694668972766e-02
3.506774738831948401e-02
3.471152124858274679e-02
3.430363526394089591e-02
3.402173872632445473e-02
3.372537282495155497e-02
3.341423392318938757e-02
3.363761095770687742e-02
3.382115358873408195e-02
3.360639225159409160e-02
3.379837482153492945e-02
3.352522367252455671e-02
3.329854219484921357e-02
3.303833661900574398e-02
3.327243125870351509e-02
3.296506754006283541e-02
3.271103019324277106e-02
3.244073287627590590e-02
3.221348272418055048e-02
3.244175515043173225e-02
3.261243582340735137e-02
3.285022925534204080e-02
3.265269082818374191e-02
3.230020009994653829e-02
3.205590780387540528e-02
3.230116937815616374e-02
3.205560957203568151e-02
3.178216089559101482e-02
3.150932138746151412e-02
3.117001134984841854e-02
3.141738034275499275e-02
3.182688924967663757e-02
3.158266665899829573e-02
3.133569999705410752e-02
3.113119976573393635e-02
3.092354417117633078e-02
3.075050177635940685e-02
3.056305906821742135e-02
3.068696331910968425e-02
3.093180175209391328e-02
3.106573170523989694e-02
3.122199272770531664e-02
3.146227514105982837e-02
3.127107836068893087e-02
3.105067197225885867e-02
3.124000707212326242e-02
3.139661066544827128e-02
3.166387615397541627e-02
3.146650008041717433e-02
3.167349823513487816e-02
3.186123710609112952e-02
3.206328118169252811e-02
3.222772451001045674e-02
3.203013678464376734e-02
3.187658200546786974e-02
3.168580650924667647e-02
3.151688346450694234e-02
3.137984909905502245e-02
3.151042058081515024e-02
3.117332840932123331e-02
3.102995903019930071e-02
3.115188777524439956e-02
3.129458063874904217e-02
3.141265304821524995e-02
3.124367020132164108e-02
3.108593658270982635e-02
3.096145377579414409e-02
3.109745071633134364e-02
3.095799338934617298e-02
3.109156897325095203e-02
3.120493840981143976e-02
3.104006878259976329e-02
3.087960952875416082e-02
3.065806568881864619e-02
3.049183653403713529e-02
3.032792584880299874e-02
3.056311802213137335e-02
3.068565010996587850e-02
3.079793005906330400e-02
3.067545697349858755e-02
3.077577349635602505e-02
3.063369757290146378e-02
3.050696160861668740e-02
3.060702222627686639e-02
3.049765647858394130e-02
3.060547495945614704e-02
3.070384985693257879e-02
3.081596813363149737e-02
3.094043851537717216e-02
3.082775943258247997e-02
3.055655815415055793e-02
3.067555287628715571e-02
3.054209193414128554e-02
3.069398603384363572e-02
3.080902303813326179e-02
3.064736070408466753e-02
3.074377726227948970e-02
3.064624608854434051e-02
3.048896498600321345e-02
3.059552736436332507e-02
3.049321216460534195e-02
3.039333922611655095e-02
3.026387997964843576e-02
3.011078924275432597e-02
2.996601319531357749e-02
2.982416463931874748e-02
2.994142452423988188e-02
3.005986107760359044e-02
2.993958144349169459e-02
2.978732297994292691e-02
2.965059321877526466e-02
2.973171521445416507e-02
2.992782248766953299e-02
2.983906497326583446e-02
2.975252082269148543e-02
2.967768958278021660e-02
2.974301723856726670e-02
2.964431415696248961e-02
2.956110343284657285e-02
2.963302291139899639e-02
2.974755857963782418e-02
2.984307463173350994e-02
2.991753170931782044e-02
3.000278281548357864e-02
3.009142013506798177e-02
3.028457647460753438e-02
3.014939909525810383e-02
3.020230708769020000e-02
3.010047258669554943e-02
2.998647899550130683e-02
2.915552936498964909e-02
2.923200270903860906e-02
2.911608181680427551e-02
2.919058676851003439e-02
2.883768550395162181e-02
2.862466862095996642e-02
2.872485670314101069e-02
2.864932824430109146e-02
2.870770383753785612e-02
2.859025738308487372e-02
2.843392498823282127e-02
2.827827391593723538e-02
2.815981026485778194e-02
2.799567886711263470e-02
2.778448746888176335e-02
2.760930249903245648e-02
2.739824020260725121e-02
2.724106872999167150e-02
2.710523687705495080e-02
2.721937147506340443e-02
2.733365439289879226e-02
2.718082770868975387e-02
2.729526740683321101e-02
2.740034500987267169e-02
2.748610086562950847e-02
2.739211549948811220e-02
2.748416607101927811e-02
2.756128861105633029e-02
2.763154885359498519e-02
2.749950386233415006e-02
2.759759141703009219e-02
2.751443625029274809e-02
2.757425451335003552e-02
2.765061949840826386e-02
2.757631303784213381e-02
2.763248733819314087e-02
2.775212749909989479e-02
2.785495484426278243e-02
2.799667581271918920e-02
2.790682188212409778e-02
2.797145223488105986e-02
2.788336240515328773e-02
2.777551290603627251e-02
2.766904065235611943e-02
2.774307029529107793e-02
2.779245102348561550e-02
2.787700140705944712e-02
2.793777355091215178e-02
2.804720091175860394e-02
2.767780046046353429e-02
2.771170713397368840e-02
2.746336461026095341e-02
2.721033839014412939e-02
2.697131894139131320e-02
2.708369679278755521e-02
2.694538379533284456e-02
2.677432146448351785e-02
2.687114981059990013e-02
2.675599448521812085e-02
2.681987446313380610e-02
2.669143275334818002e-02
2.657129244812991842e-02
2.645165676798784046e-02
2.633266130333515934e-02
2.623230098926703294e-02
2.613105994918714717e-02
2.623845449133988331e-02
2.630203222212612602e-02
2.637666859126127153e-02
2.645565368234504069e-02
2.636445575841692146e-02
2.642337851197519225e-02
2.649323946621837123e-02
2.636400593605937870e-02
2.643104573614041275e-02
2.650695206462923975e-02
2.644681142319806055e-02
2.651292734244898794e-02
2.657127068947095702e-02
2.649257253173043294e-02
2.655287356633187837e-02
2.663471913288828832e-02
2.653757087163938905e-02
2.663010361428289410e-02
2.655491605892808596e-02
2.662830837855998875e-02
2.668531030330851747e-02
2.658888744157869577e-02
2.667037305318743778e-02
2.657644689205078403e-02
2.663236367807998023e-02
2.673592976437759103e-02
2.678538211678538339e-02
2.683725529943850954e-02
2.709189285849664119e-02
2.702599556013209406e-02
2.693662929770205064e-02
2.701365178552661561e-02
2.694268608111774488e-02
2.699144648254172066e-02
2.704296035971721565e-02
2.697088546452699673e-02
2.687705747978063817e-02
2.692938043082688040e-02
2.685725640606875797e-02
2.690722602759473142e-02
2.682511450544546386e-02
2.673110261844914223e-02
2.677764818169808825e-02
2.661758234365422041e-02
2.669086905729626397e-02
2.675207880792452100e-02
2.665149414614140927e-02
2.655925707374649433e-02
2.661779475567040143e-02
2.655501744005839618e-02
2.660796767347100092e-02
2.665916496179658590e-02
2.671380371232292411e-02
2.680160499934956461e-02
2.684197574144316784e-02
2.677781583998874865e-02
2.682616246562523690e-02
2.688204551639787609e-02
2.692715470830334482e-02
2.698086604335821898e-02
2.692381851538769993e-02
2.699331254427395424e-02
2.713860441181544306e-02
2.720318957466734064e-02
2.710815381294348625e-02
2.718272643763012739e-02
2.712230238916114172e-02
2.716513933211719620e-02
2.720594575515394853e-02
2.715248538343155785e-02
2.709204398789939391e-02
2.714686985291677943e-02
2.719832396948935332e-02
2.714110857672384289e-02
2.717003157718423170e-02
2.721749316218453202e-02
2.707281911451800763e-02
2.713687252535255598e-02
2.716850618995828720e-02
2.724716382175502646e-02
2.719684916141616726e-02
2.710511046365577520e-02
2.715465513860907537e-02
2.719691895077536864e-02
2.724189334917829358e-02
2.717862860354542179e-02
2.707159498047815444e-02
2.712358633459801757e-02
2.719115788242194853e-02
2.726934779096446340e-02
2.722285987745881250e-02
2.726242874956201490e-02
2.732111461902044305e-02
2.726014537355629305e-02
2.729641952358952128e-02
2.735168371109077123e-02
2.718272351073177176e-02
2.728925213717907361e-02
2.733723586015341864e-02
2.727533349045707656e-02
2.730999727678112138e-02
2.726004338627967608e-02
2.730787363689604966e-02
2.734815193866003968e-02
2.739550725288703373e-02
2.746199484611767591e-02
2.736857833466931414e-02
2.742229328270135921e-02
2.745652218276104645e-02
2.742087667809705101e-02
2.747523380276822857e-02
2.741490099783061921e-02
2.744291097572888749e-02
2.747468271974045154e-02
2.741842445456168370e-02
2.747661674188753983e-02
2.738081993394806193e-02
2.740832478248191387e-02
2.744294445411787908e-02
2.740681834681021195e-02
2.743944842463832273e-02
2.747832120229785555e-02
2.744239863043196684e-02
2.755077204951973668e-02
2.746342064415009665e-02
2.733728071920206795e-02
2.722958904699511809e-02
2.727199884914227948e-02
2.733304233812006157e-02
2.738787939573164576e-02
2.741203149954718477e-02
2.745356350450984390e-02
2.750856547845864294e-02
2.756216940483844149e-02
2.750160288880296178e-02
2.752795796455745694e-02
2.756855022566946992e-02
2.752588607989173500e-02
2.756108828889662285e-02
2.760574745035457994e-02
2.756585254902243348e-02
2.761032986742893020e-02
2.764315135066339191e-02
2.769693789951124807e-02
2.761680010968076485e-02
2.764683964298519578e-02
2.769231453591926295e-02
2.774798292741061101e-02
2.768476370554272953e-02
2.771680211951884840e-02
2.780850390863596339e-02
2.784883674841419007e-02
2.787814721690392086e-02
2.793336388197774356e-02
2.784128811600248762e-02
2.788003108496018428e-02
2.791819357473723437e-02
2.796082389944578445e-02
2.802808483859387662e-02
2.795999799680973230e-02
2.803693896813500702e-02
2.807773714284787087e-02
2.811295595685921189e-02
2.816595310740012750e-02
2.819895252669215452e-02
2.824149156775281402e-02
2.826038637364741701e-02
2.829394806912341812e-02
2.832631666836905523e-02
2.818955121736819308e-02
2.803772414063691876e-02
2.809450774861529596e-02
2.814172587330859843e-02
2.807382820800487580e-02
2.811231220050198001e-02
2.814488724441673723e-02
2.817667865714377703e-02
2.823115632629468255e-02
2.816443812572281408e-02
2.822146613659647779e-02
2.826594968275613837e-02
2.839862031317566191e-02
2.834995732841265326e-02
2.829609308081105709e-02
2.832900441085632950e-02
2.836537646674322510e-02
2.839010600594488176e-02
2.833969879113926865e-02
2.839455424684127899e-02
2.842003689065353625e-02
2.848322485649662159e-02
2.850942490641065336e-02
2.847477536359585906e-02
2.849733947908770354e-02
2.856884845616999152e-02
2.860479468464689062e-02
2.866332072889331284e-02
2.870523789131086689e-02
2.873871696357525873e-02
2.870199558330138387e-02
2.874126291278938233e-02
2.878363968769688183e-02
2.870260316511928991e-02
2.874792939073851639e-02
2.878412102701465719e-02
2.863026365169614451e-02
2.868024013176118450e-02
2.876329268980917439e-02
2.871823558872578161e-02
2.875827730462974033e-02
2.879103618841955328e-02
2.875647876437138761e-02
2.878514732909297213e-02
2.882155791246308191e-02
2.874137542289889949e-02
2.867564144942259807e-02
2.870229877294255480e-02
2.875272868961678899e-02
2.880009598754767336e-02
2.883000158440630553e-02
2.886839510190246719e-02
2.890405155895875780e-02
2.893152030770021477e-02
2.888806322112989072e-02
2.892069935580865447e-02
2.896233086826301845e-02
2.900280704523924141e-02
2.902470344604521010e-02
2.906276903053408092e-02
2.909342060124841395e-02
2.899019887761594347e-02
2.902919345662603040e-02
2.906796247804477318e-02
2.909048197866627439e-02
2.903204067213958905e-02
2.906013217786077019e-02
2.913329105421244569e-02
2.917080317140347337e-02
2.921824738634047625e-02
2.924429016469989526e-02
2.916571964181489257e-02
2.920548472033405660e-02
2.927609429925272580e-02
2.919252294528591751e-02
2.923390074519768497e-02
2.925231529311540096e-02
2.920348491346998199e-02
2.922205749589902590e-02
2.927610855969985451e-02
2.931089841454866118e-02
2.932822694312741188e-02
2.930370435164667345e-02
2.935101303461865388e-02
2.929559185380318370e-02
2.933116770554842004e-02
2.920224067738653312e-02
2.922721536130515677e-02
2.926884470216418663e-02
2.928903758987227643e-02
2.936417351917884958e-02
2.945836829369493856e-02
2.941983473548882497e-02
2.938294910340827001e-02
2.935566577708257838e-02
2.938305840162050778e-02
2.924141464467968493e-02
2.929067727014490752e-02
2.933008005684773628e-02
2.935811437527738668e-02
2.939465740678309791e-02
2.942251869195246575e-02
2.949588976200353055e-02
2.946266546295471522e-02
2.948634503772754392e-02
2.946076542812341506e-02
2.951029159069216631e-02
2.951988423284664098e-02
2.957360985232720604e-02
2.961767308063298354e-02
2.956826756173653106e-02
2.958804282289584017e-02
2.962569853139609619e-02
2.958857157753291139e-02
2.947022848465574024e-02
2.934528007478186262e-02
2.921821636426567489e-02
2.926008995296655243e-02
2.929556188812231302e-02
2.934491230726323299e-02
2.937944040299082099e-02
2.943700016191868815e-02
2.935778940775233062e-02
2.939145382513839999e-02
2.941603486715010929e-02
2.945806793576583732e-02
2.948357533634323249e-02
2.941684131935159638e-02
2.943501295476414620e-02
2.932542243108258659e-02
2.937253718718759593e-02
2.940751418177041041e-02
2.932958178612904074e-02
2.934491335518819161e-02
2.940693346730187049e-02
2.942377274368984663e-02
2.944993993460254950e-02
2.942053595614172595e-02
2.945824249364952657e-02
2.947357369386518697e-02
2.952087601009271631e-02
2.954038993434901506e-02
2.956583923559553614e-02
2.961824814306145137e-02
2.964556976121730109e-02
2.946122478607453646e-02
2.948915223453034765e-02
2.951405908303043543e-02
2.954188175271184325e-02
2.956428506398107656e-02
2.960527263203464529e-02
2.957808152505497085e-02
2.959009114964981230e-02
2.962124295173696256e-02
2.963813596085861785e-02
2.971949630262264372e-02
2.974401556607301697e-02
2.961371846436574098e-02
2.952868510054285078e-02
2.958869063605042843e-02
2.960535501037286563e-02
2.972749647269533682e-02
2.961425491184804110e-02
2.965380443561574028e-02
2.966833384113578068e-02
2.971549201798625445e-02
2.977676544132635411e-02
2.979258563235730878e-02
2.982501806394636384e-02
2.985818808539546579e-02
2.987789119357053130e-02
2.984066265204851284e-02
2.986401163860772506e-02
2.990000193228145239e-02
2.987639627922004590e-02
2.991128814954632786e-02
2.992654161497650470e-02
2.996029973126624127e-02
2.999828463979518911e-02
3.003217945699889271e-02
3.006125439891599305e-02
3.004326720770386649e-02
3.005578373740485851e-02
3.007079494434903091e-02
3.009756219384481651e-02
3.012931298879695935e-02
3.000882506950759004e-02
3.004132003347340790e-02
3.007191063858802998e-02
3.009772479905501591e-02
2.997218438049936359e-02
3.000550793612125067e-02
3.005467124995960665e-02
3.008691502564329184e-02
3.010820419754059452e-02
3.005817019796690887e-02
3.008992080571180200e-02
3.011846966970168835e-02
3.008800492624843712e-02
3.011340724041828079e-02
3.014989474891330984e-02
3.012126247384301278e-02
3.015957400804732125e-02
3.018713845934762469e-02
3.021891097801134712e-02
3.019366395192182514e-02
3.021682121855361752e-02
3.024013172319967024e-02
3.025114000316170976e-02
3.029993601737107980e-02
3.031868568579155696e-02
3.029227586059959551e-02
3.031777414754981137e-02
3.034725781374234682e-02
3.038049803519321523e-02
3.041121048980754277e-02
3.043020780421549012e-02
3.046789696763410257e-02
3.049289546679886942e-02
3.051860727468219334e-02
3.043679545065618858e-02
3.046676688812146802e-02
3.047737257442909714e-02
3.052287034979170310e-02
3.054751279048413884e-02
3.052754129711219080e-02
3.054248456669280201e-02
3.052058061990841134e-02
3.053714474402395226e-02
3.055993772698899907e-02
3.059269100382020282e-02
3.060328362986303868e-02
3.049039808012299693e-02
3.052214556315663990e-02
3.055034795598850217e-02
3.058980088965658831e-02
3.061191423073358897e-02
3.066059042953301478e-02
3.068154657045767467e-02
3.069913197455148915e-02
3.073261468893208684e-02
3.076112261703430745e-02
3.073529567833244158e-02
3.077043327051385418e-02
3.078576776666681197e-02
3.080908782918035521e-02
3.086186893778449999e-02
3.080134657278405311e-02
3.081507699021884816e-02
3.084120283330363602e-02
3.089053225452636359e-02
3.084668487038741067e-02
3.087793070463271117e-02
3.088419836057424220e-02
3.091109319121151944e-02
3.093387742143949640e-02
3.101680456414419515e-02
3.104800053218830305e-02
3.107691644066231870e-02
3.110076167715509002e-02
3.111925925398884366e-02
3.107664405895594825e-02
3.110795177545344278e-02
3.112424212629475578e-02
3.114529381327578797e-02
3.116747921508052771e-02
3.118296841770849120e-02
3.121898666934607575e-02
3.124528817433463307e-02
3.117533938139954025e-02
3.118793809838440317e-02
3.121745309756587469e-02
3.124600748752387122e-02
3.127258604404997699e-02
3.126023068848009234e-02
3.128398411796597112e-02
3.130814351752508190e-02
3.132973639556943524e-02
3.136315098337326412e-02
3.138375628080833368e-02
3.140752058707638183e-02
3.139067414245409054e-02
3.140988424812960617e-02
3.142293223577040384e-02
3.145247591453129155e-02
3.148428035110596018e-02
3.149911337485008372e-02
3.150790160515454935e-02
3.153270007170128064e-02
3.155011761112559709e-02
3.157511210314171285e-02
3.159890538919066932e-02
3.157946823694497002e-02
3.160713810726404477e-02
3.162857201430529369e-02
3.166424773759421440e-02
3.169068681868759257e-02
3.170889414784407168e-02
3.174313830616191240e-02
3.176604687603119814e-02
3.180325595533789462e-02
3.182593612967858643e-02
3.181465095562902023e-02
3.182944996507550139e-02
3.184820924614695237e-02
3.186566833435918594e-02
3.191532223369023674e-02
3.188358521516562044e-02
3.190761009164183593e-02
3.192997339032301735e-02
3.194704526517089249e-02
3.185335760713469549e-02
3.187085408925412200e-02
3.189528896670814490e-02
3.187271179239656999e-02
3.191309902179986085e-02
3.193517164059960639e-02
3.194881075422824346e-02
3.198620357018044230e-02
3.200077110667216146e-02
3.202399712530109438e-02
3.200819776452065030e-02
3.203718276400280285e-02
3.206100333181957640e-02
3.208308775294863718e-02
3.210470883684747589e-02
3.212918381695688275e-02
3.211982165916998921e-02
3.213998270847711475e-02
3.215833042585405921e-02
3.218211150943371679e-02
3.226331351914858703e-02
3.227936605038432549e-02
3.230092974244289789e-02
3.228425413222718587e-02
3.230148710819030766e-02
3.233345997371937786e-02
3.224537090867967554e-02
3.227116336693357929e-02
3.220139687033212600e-02
3.221663917500432184e-02
3.223973671657496404e-02
3.225539059933305724e-02
3.245513703802752059e-02
3.247392497208283213e-02
3.250301225122240179e-02
3.253022566661154663e-02
3.254922125514499165e-02
3.257525514229277219e-02
3.258762478165613125e-02
3.262536907935943697e-02
3.264512994697323783e-02
3.266780771202985878e-02
3.252993224120018234e-02
3.255966162883026926e-02
3.258071099690974110e-02
3.256615687187897762e-02
3.258922901168771064e-02
3.246786542329722219e-02
3.249292490639339726e-02
3.251410355974644617e-02
3.253763755510222233e-02
3.256163418601555615e-02
3.237521479625449228e-02
3.240202881303701210e-02
3.244668507548675168e-02
3.247522574301402870e-02
3.250256440931930529e-02
3.248871360458251839e-02
3.251010783687269950e-02
3.252115422926351446e-02
3.254987365502371582e-02
3.256303029484661909e-02
3.259127206514027958e-02
3.261231347596075386e-02
3.257956041181610252e-02
3.259261253710905165e-02
3.263143345079138474e-02
3.264341699266852526e-02
3.265881369776051785e-02
3.267655654160284140e-02
3.269412168399305624e-02
3.272660142899544433e-02
3.263463902894180729e-02
3.263221549830334217e-02
3.264941304114417353e-02
3.254368446615496513e-02
3.257058635853708056e-02
3.261041357540108571e-02
3.263474348255412244e-02
3.265496124046966819e-02
3.267669665334824169e-02
3.269622448752979027e-02
3.259087321515088259e-02
3.261024301853358148e-02
3.263156047804112447e-02
3.265173876986553897e-02
3.267165187078623079e-02
3.269762721452527943e-02
3.272217828912755283e-02
3.273296328571606573e-02
3.276460155105355432e-02
3.278420948584909178e-02
3.282627377457862650e-02
3.285001699943767423e-02
3.286942004562117686e-02
3.277765449946389020e-02
3.279599507108427181e-02
3.270034500633300922e-02
3.263331495854009806e-02
3.264980754520225431e-02
3.266742591536881540e-02
3.268546933405604843e-02
3.270576809070909613e-02
3.272635060210173780e-02
3.274157392002852857e-02
3.275946942323004069e-02
3.276354863334869638e-02
3.279265354018696954e-02
3.278087853641697275e-02
3.279148889623356017e-02
3.280957751634129560e-02
3.282692132288100167e-02
3.284812749245902275e-02
3.287086524556046691e-02
3.288668210160201888e-02
3.287549534103933330e-02
3.289165983077785987e-02
3.291258959365472164e-02
3.294052208176397045e-02
3.295728066700371467e-02
3.297040674983886532e-02
3.298919411724917511e-02
3.300480795185935928e-02
3.301336432165689894e-02
3.303472185379958959e-02
3.301115772194648107e-02
3.302873234265734509e-02
3.291725990622550863e-02
3.293934708319166960e-02
3.295861033029708759e-02
3.298293620393082798e-02
3.287706290843422918e-02
3.290980143300577948e-02
3.292876796457305105e-02
3.294776368309961651e-02
3.296666676979557314e-02
3.296720183188234926e-02
3.298856382446976876e-02
3.301887993072005062e-02
3.303635303411579793e-02
3.305521456319598234e-02
3.307030607781443615e-02
3.308844880281008871e-02
3.313214254119661861e-02
3.311803760220465020e-02
3.312762429121153540e-02
3.314540726503806961e-02
3.315676951893795077e-02
3.313690907792751772e-02
3.314932582795517002e-02
3.316628551999042940e-02
3.318309797632981728e-02
3.319947636620855513e-02
3.321595037002961215e-02
3.322604328034890753e-02
3.324124231228936521e-02
3.326810889036343338e-02
3.328354312754553540e-02
3.330218324945512232e-02
3.331558414945522129e-02
3.333105002196514594e-02
3.334328698006486236e-02
3.336778260991331985e-02
3.338632665988246900e-02
3.342705425575899503e-02
3.344531774580327549e-02
3.346549631589910284e-02
3.347962754667324625e-02
3.349733881685985210e-02
3.350655132492350030e-02
3.352792976400021524e-02
3.353839468265414070e-02
3.345466086874668982e-02
3.346765525675858555e-02
3.347798662130587605e-02
3.349868506555660902e-02
3.351222731474109984e-02
3.353449533602745336e-02
3.355658617392596327e-02
3.357216679329522169e-02
3.355840469547750893e-02
3.357592232048017128e-02
3.359478675026905670e-02
3.361557787178023893e-02
3.362935829875744048e-02
3.364901232357949551e-02
3.363412334297798123e-02
3.363946108220489117e-02
3.366348843460104101e-02
3.367996341128758758e-02
3.371484248411003859e-02
3.372821218872743693e-02
3.373879364554306648e-02
3.374876997130530493e-02
3.376507554946513168e-02
3.376782532815886945e-02
3.379290673429942438e-02
3.381267650831206589e-02
3.383539139138413282e-02
3.384980304450614652e-02
3.383876636591902354e-02
3.385625997600510972e-02
3.387574565225986295e-02
3.389087497105640334e-02
3.390501409770702024e-02
3.392352778361203830e-02
3.393876208024371871e-02
3.395402196224290431e-02
3.396385507883048493e-02
3.398730345733083635e-02
3.399583309144899729e-02
3.402485500245960859e-02
3.403423270792105965e-02
3.406380260153713674e-02
3.407901851846734109e-02
3.408264637651279433e-02
3.407795884183040247e-02
3.408696978688794538e-02
3.409995402572683215e-02
3.412959562756036347e-02
3.414203486027980738e-02
3.416150112002080963e-02
3.417890124683748559e-02
3.419413887840365429e-02
3.420815064763378655e-02
3.422142243360194735e-02
3.425681986555137448e-02
3.426245936761507238e-02
3.425275310017272118e-02
3.426408818466063905e-02
3.428867986877939811e-02
3.430539135152881058e-02
3.431535623288423098e-02
3.432971121489618305e-02
3.434708631976869653e-02
3.435363602036441144e-02
3.438140744806041788e-02
3.438217805595016052e-02
3.418046679433093399e-02
3.421193113487952520e-02
3.424689614554576877e-02
3.426256887275590246e-02
3.428574929230904234e-02
3.430118565592218949e-02
3.431949733100409655e-02
3.433511464972077015e-02
3.435571283174969348e-02
3.437028358117315968e-02
3.438701376371357255e-02
3.440894103309875829e-02
3.442502583744143363e-02
3.443289240225145403e-02
3.443729255846299242e-02
3.445983861345522370e-02
3.447257060453015609e-02
3.448524408027888594e-02
3.450044869158860883e-02
3.450856847914024472e-02
3.452134846148908337e-02
3.452920267082523753e-02
3.454762587716907890e-02
3.456427007515944227e-02
3.457861989096130961e-02
3.459225434320305215e-02
3.460813889450858188e-02
3.463091654711442091e-02
3.464180890950309399e-02
3.465387050815203762e-02
3.466659602746996471e-02
3.468061424659432679e-02
3.469815053610540018e-02
3.471214519573255497e-02
3.473287812648619827e-02
3.474425873467855419e-02
3.476735928645065254e-02
3.478262639097490228e-02
3.480707490825183520e-02
3.482559808024609377e-02
3.483254367778615412e-02
3.484653201374528220e-02
3.485797770848216015e-02
3.488135422752736831e-02
3.488695719148095231e-02
3.489912762368719418e-02
3.491532894757137101e-02
3.492202919469952760e-02
3.495436381479209015e-02
3.486181156968856665e-02
3.487590351952402773e-02
3.489466597218462279e-02
3.490500996246911902e-02
3.492361455692714889e-02
3.493778636793327952e-02
3.495165199696697450e-02
3.497454531575459880e-02
3.498426807460157384e-02
3.493748910527117585e-02
3.495150581588381961e-02
3.496088868647548309e-02
3.497235509688976368e-02
3.498340532321832230e-02
3.500513439371103624e-02
3.501986853991664872e-02
3.503083562984338900e-02
3.504020087187806332e-02
3.505146819618425863e-02
3.507134204416791079e-02
3.511560961641373158e-02
3.512857969933234209e-02
3.514165975761835564e-02
3.515546190596162413e-02
3.516543672697396150e-02
3.517997518962233394e-02
3.518794841240804883e-02
3.519023665990340249e-02
3.520976891512560963e-02
3.522253678402371274e-02
3.523893784452612060e-02
3.510858962517660053e-02
3.512647962051593242e-02
3.514005027525300695e-02
3.516368780828806051e-02
3.518129260713458162e-02
3.520231153888932901e-02
3.521300965337298416e-02
3.522689770176351542e-02
3.524548364564757119e-02
3.525678305755053366e-02
3.527255806425993317e-02
3.528916941718348438e-02
3.530038304562139323e-02
3.528097511752274762e-02
3.529738486480434728e-02
3.530762746941915747e-02
3.509440310822425912e-02
3.492543424097721561e-02
3.495086205899896464e-02
3.497215500333807070e-02
3.499186017238226087e-02
3.501726833023046520e-02
3.503621132890916146e-02
3.505914661005947452e-02
3.508156143075717021e-02
3.509998514591215063e-02
3.511574923118754299e-02
3.487639236977173318e-02
3.490400867827954390e-02
3.492180351543419659e-02
3.494047465786004336e-02
3.496575428116500267e-02
3.498560242131486253e-02
3.497836681300804662e-02
3.500049218072645574e-02
3.502089118136653134e-02
3.503461360619267856e-02
3.505440544486599502e-02
3.507041925584979819e-02
3.509068120587770928e-02
3.510065521503910602e-02
3.511623715083855846e-02
3.512883675699991076e-02
3.514212662941810367e-02
3.515235070340901741e-02
3.516132630540755311e-02
3.517949517281896560e-02
3.518532006282418939e-02
3.520333317115587057e-02
3.521538361251791427e-02
3.522952855212484191e-02
3.525446281819038380e-02
3.526661024821842183e-02
3.527800534333520172e-02
3.528791528498112506e-02
3.527335832905903468e-02
3.528145436106877586e-02
3.529442094782185568e-02
3.530480457132736949e-02
3.531645522696845452e-02
3.533257697608595260e-02
3.532540360085716091e-02
3.533551056185246786e-02
3.534691198636543547e-02
3.535827856958433102e-02
3.537317660082615195e-02
3.537635060628158828e-02
3.540234179186901170e-02
3.540800034126056345e-02
3.542173194658092966e-02
3.543945571802620959e-02
3.544715821996771710e-02
3.545790437724379018e-02
3.547145329056719532e-02
3.548396249556252241e-02
3.551324294698027934e-02
3.552608779184297100e-02
3.553729968134755612e-02
3.554975985927273652e-02
3.557073469568681340e-02
3.558584847183193789e-02
3.559576485851283223e-02
3.560735017384369233e-02
3.562061067870998798e-02
3.563169627813236873e-02
3.564200000594767992e-02
3.565318935040287518e-02
3.566367569348082023e-02
3.567402902973449558e-02
3.569812349458933304e-02
3.570169044835471567e-02
3.571787842945091385e-02
3.573051706907008629e-02
3.574141030256150486e-02
3.575133884861689954e-02
3.576216980310773647e-02
3.578516440670151399e-02
3.578961074050201335e-02
3.580160113253433307e-02
3.580582916699995288e-02
3.581677645363329221e-02
3.583198998923817213e-02
3.583722207908585089e-02
3.586326657617216335e-02
3.587450485791186111e-02
3.588635739958969534e-02
3.589782788210705428e-02
3.591425212104838033e-02
3.592342860513500491e-02
3.592506787368955623e-02
3.591643933556677715e-02
3.592648072939786524e-02
3.593620410110684449e-02
3.594790751816468594e-02
3.596032022313836590e-02
3.597490976680278035e-02
3.598781650113984376e-02
3.599851391487837726e-02
3.596659908108615356e-02
3.597008562867619330e-02
3.598306923039765182e-02
3.599202096741006135e-02
3.600908276212135689e-02
3.602065084900671343e-02
3.603072146829040118e-02
3.604475578474265057e-02
3.606065488229930061e-02
3.607231357868900118e-02
3.608599913922892755e-02
3.607595482590308933e-02
3.608587553702267275e-02
3.610427328049981011e-02
3.611330523184688029e-02
3.612156221255781452e-02
3.613605912780375184e-02
3.617078979911055731e-02
3.617683532269298785e-02
3.618753092363281160e-02
3.619659512511168298e-02
3.620953031530164262e-02
3.621675315521748900e-02
3.622395861704311854e-02
3.623904711523968925e-02
3.624923454513753751e-02
3.626600827097618135e-02
3.627721033068374151e-02
3.629116817101886439e-02
3.630146520679689709e-02
3.631145303021952181e-02
3.632859692751763681e-02
3.634129040383734383e-02
3.634726089431122853e-02
3.635738555973807434e-02
3.636807323276460696e-02
3.637755893624839559e-02
3.638614652586785736e-02
3.640230931751383542e-02
3.641212528805666537e-02
3.641586378413269598e-02
3.642803735021882955e-02
3.643865007879276002e-02
3.644959428177239197e-02
3.644356379931031065e-02
3.645118465756275877e-02
3.646034810433316370e-02
3.647150263772397372e-02
3.648284177018397412e-02
3.649116210095189328e-02
3.651080028114929432e-02
3.651994699689357915e-02
3.653323949863969411e-02
3.654589358356007817e-02
3.655380543796366011e-02
3.656374094305956529e-02
3.658366907660436790e-02
3.659605544340528011e-02
3.660398969948643749e-02
3.662081382912920485e-02
3.663436114955975070e-02
3.664506068742405531e-02
3.653939066629781351e-02
3.654731243970788662e-02
3.656078835773016872e-02
3.657772875531332957e-02
3.659328115519327324e-02
3.659432497742062806e-02
3.660887232705315603e-02
3.662328844136848033e-02
3.664221556982679567e-02
3.665743016487026801e-02
3.666648632390058504e-02
3.668278652932403794e-02
3.668892492102828612e-02
3.669938396160653954e-02
3.670669289495080700e-02
3.672308237605576703e-02
3.672912268291435994e-02
3.674241297212733903e-02
3.675312141366512964e-02
3.677090510898112924e-02
3.677131953286160576e-02
3.677735444854735025e-02
3.679543714493931084e-02
3.680215665374935580e-02
3.678272613858219603e-02
3.679454302024703222e-02
3.680031439772645657e-02
3.681322305535156270e-02
3.682415827711994077e-02
3.683372744668639287e-02
3.684272504294021366e-02
3.685270267788170323e-02
3.688397837724542022e-02
3.690028367603373494e-02
3.691248753846768094e-02
3.692465374827904462e-02
3.692827572548620929e-02
3.694172427006119780e-02
3.695040048547973410e-02
3.695886446835595224e-02
3.697118262244063203e-02
3.698333203190219687e-02
3.696974734237223198e-02
3.697943524192718462e-02
3.683583436246551379e-02
3.685756163672967989e-02
3.687396612046039968e-02
3.688681597066435086e-02
3.689709308900803592e-02
3.691021593169296899e-02
3.692177415577643784e-02
3.693019978611479515e-02
3.694103423917159679e-02
3.695553203225310918e-02
3.696572285720667317e-02
3.697793414937618900e-02
3.699211023165416279e-02
3.699845726659103246e-02
3.700774667290303299e-02
3.699577309664484059e-02
3.700591212196852747e-02
3.703017911036834281e-02
3.703986797537794917e-02
3.705091358973082449e-02
3.717072735035608505e-02
3.717923329129634025e-02
3.717127372447576183e-02
3.718076002615234438e-02
3.719145066460455978e-02
3.720222057626348250e-02
3.721236888988380814e-02
3.722270351890779455e-02
3.722960691207410910e-02
3.724203084861001101e-02
3.724767212322629972e-02
3.725923353427488399e-02
3.726927117369918663e-02
3.727765000280081759e-02
3.729417334705699416e-02
3.730628647863414027e-02
3.731031880727957162e-02
3.731937083854026949e-02
3.732936548871784027e-02
3.734605689980953491e-02
3.735494006179639059e-02
3.736066255351139925e-02
3.737238689372902878e-02
3.738194961732389104e-02
3.738569981181225771e-02
3.740002152292823401e-02
3.740690058812750490e-02
3.742297363253131032e-02
3.743555300493096871e-02
3.744001528437452403e-02
3.745046543082572454e-02
3.745909296073570566e-02
3.746610233099147147e-02
3.747312279221365339e-02
3.748113883875683200e-02
3.750160085516623942e-02
3.750989774195825216e-02
3.752181029054994787e-02
3.753265773959310603e-02
3.754248644580969463e-02
3.755077584021535020e-02
3.756441241666999553e-02
3.757122647223284234e-02
3.758282342530132325e-02
3.759196932077097514e-02
3.759855804581243438e-02
3.759380097969811096e-02
3.759777264212023351e-02
3.760728338982037566e-02
3.763400639637889955e-02
3.764611647188094434e-02
3.766195117156867500e-02
3.767085167989870503e-02
3.767971643529428177e-02
3.768671063588614062e-02
3.767102193183952813e-02
3.768198587181670334e-02
3.769284182796787952e-02
3.770324143143838347e-02
3.771017231726953717e-02
3.771856937862880926e-02
3.772633136053912123e-02
3.773337472177372420e-02
3.773308323818123228e-02
3.773857244381839671e-02
3.774794000662579779e-02
3.775728058987689456e-02
3.776333847088878676e-02
3.778084744546578166e-02
3.779010203834144710e-02
3.779619101449049196e-02
3.780576737995621633e-02
3.781364774071598739e-02
3.782353157116311732e-02
3.783212714851508923e-02
3.784262292970496516e-02
3.785569328481577789e-02
3.786303944065588789e-02
3.787201721398320703e-02
3.788054223024623496e-02
3.788953374758571857e-02
3.789609008584066130e-02
3.790458030715578713e-02
3.791284782691282940e-02
3.792208556241090378e-02
3.790630897123770798e-02
3.791800182188639207e-02
3.792583279755688819e-02
3.794161244864247690e-02
3.794993598709445193e-02
3.795853733552710663e-02
3.797270722212050392e-02
3.797323737274663213e-02
3.798942256108762267e-02
3.799723418202400477e-02
3.800483917517329807e-02
3.801632303196515739e-02
3.802657151054029266e-02
3.803297011661627147e-02
3.803734363627437470e-02
3.805040249060518548e-02
3.804119019770921262e-02
3.805056504019397462e-02
3.805692995443266807e-02
3.803827806861574679e-02
3.804391109656832248e-02
3.805524993906089087e-02
3.806089543878216769e-02
3.807182161281071758e-02
3.807818321857380645e-02
3.808610380718567556e-02
3.810380488744696120e-02
3.811227866750348248e-02
3.811792087478014374e-02
3.813177126644010789e-02
3.814166679014382999e-02
3.814829117796994518e-02
3.815737305142853641e-02
3.817653733769742208e-02
3.818850813986541387e-02
3.818956574920510938e-02
3.819902074437510342e-02
3.820760199347392888e-02
3.821566625248243310e-02
3.819867117161789699e-02
3.821060033571355846e-02
3.822154613749361579e-02
3.823275932528335391e-02
3.823640048824728660e-02
3.824984536431438181e-02
3.825579961677857271e-02
3.826690243660810231e-02
3.827664419080871461e-02
3.828476797258235920e-02
3.829294723484021057e-02
3.830551037833242189e-02
3.831336988150957357e-02
3.832392983093284994e-02
3.832772500633044310e-02
3.833549420836988852e-02
3.834378229191979376e-02
3.835004534645213708e-02
3.835613223759872653e-02
3.836697678601833084e-02
3.837476351511951572e-02
3.838583246653493736e-02
3.839797545944547558e-02
3.840532828978285990e-02
3.841376171780268994e-02
3.842805317918192992e-02
3.843218290660871395e-02
3.844203951745030906e-02
3.846430087146986143e-02
3.848875671563439099e-02
3.847936674914807786e-02
3.846404558854000372e-02
3.848205248855671168e-02
3.849434795634196910e-02
3.850560776592844986e-02
3.852303530924604952e-02
3.853360288322222466e-02
3.854460189167675799e-02
3.855263910095311358e-02
3.856231087287087522e-02
3.857018209244500451e-02
3.858070161931132641e-02
3.860088288886662222e-02
3.860711297466960096e-02
3.861545707358894630e-02
3.862212717553634156e-02
3.863439063404643103e-02
3.864346807564125047e-02
3.864952897770817380e-02
3.866333374417757485e-02
3.867079596599407726e-02
3.866936680925413261e-02
3.867874021565927134e-02
3.878776415709179332e-02
3.878869162850859947e-02
3.883472926794639957e-02
3.883014131190887924e-02
3.883790949408218868e-02
3.885468875011096473e-02
3.886830647793478033e-02
3.887615878125421504e-02
3.888964798930089756e-02
3.890359908012694379e-02
3.891510277519086292e-02
3.892284014352642013e-02
3.893720215230667830e-02
3.894935862952123712e-02
3.895949618245311830e-02
3.896616764319835169e-02
3.897492548534368939e-02
3.899013529191224653e-02
3.899212286354183238e-02
3.898684030343574358e-02
3.900246990603346842e-02
3.900594074668297523e-02
3.901245863145254289e-02
3.902109119453738700e-02
3.903485552369666961e-02
3.904291317302583525e-02
3.905578411516665016e-02
3.905987939994062103e-02
3.906901790782078138e-02
3.907155962794373050e-02
3.907925348578193681e-02
3.909066207814285154e-02
3.908064974125648877e-02
3.908750403433648712e-02
3.909492906540885937e-02
3.910267809575525277e-02
3.911250027948702523e-02
3.912263279533174237e-02
3.912849781689886619e-02
3.914125536939964262e-02
3.914947941007649451e-02
3.915638949639405064e-02
3.916192173262911941e-02
3.917670233210752972e-02
3.918091928420736059e-02
3.918988027090902077e-02
3.919671701245567436e-02
3.920754030809463220e-02
3.921592152936242276e-02
3.922170142747424121e-02
3.922698772730600497e-02
3.923565286098635446e-02
3.924037288147211311e-02
3.925282214861123414e-02
3.925923096689096226e-02
3.926776863384161265e-02
3.927563619237530584e-02
3.928304616734194787e-02
3.930087355817155764e-02
3.930645518334136002e-02
3.931285871975895990e-02
3.932071833068852967e-02
3.930589220829055347e-02
3.931051122230416056e-02
3.932635340689125819e-02
3.933196282633946717e-02
3.933772228688372369e-02
3.934210459781959518e-02
3.935237181626369263e-02
3.936669353349347283e-02
3.937551551609176637e-02
3.938361187485533293e-02
3.938811807456747693e-02
3.939624679265663759e-02
3.940375410236968828e-02
3.941802785802906578e-02
3.940431119049266767e-02
3.941045770965103529e-02
3.941794826029184490e-02
3.942703316587715251e-02
3.943468215686499884e-02
3.944367354373895518e-02
3.945438700691023676e-02
3.929254518547183744e-02
3.930566529529625625e-02
3.932162520553045271e-02
3.933360665055395805e-02
3.934793004383412007e-02
3.935928723433054083e-02
3.937377282223701591e-02
3.937896585108519726e-02
3.939333778902156386e-02
3.940167000232888683e-02
3.942551739455722043e-02
3.943432041462419796e-02
3.943932260717025740e-02
3.944882128937458876e-02
3.945079295924714541e-02
3.945924450904932795e-02
3.946663107528482900e-02
3.947250432059467434e-02
3.948135897330258548e-02
3.949109206121886873e-02
3.949746761838528186e-02
3.950552176871138105e-02
3.951503978662371935e-02
3.952139028252358438e-02
3.952976370646016369e-02
3.953994165194311960e-02
3.954515196625364021e-02
3.955092628872137334e-02
3.955958505185778323e-02
3.956728902630741312e-02
3.957342262760016327e-02
3.957981586580745087e-02
3.959378993938555275e-02
3.960188987242684727e-02
3.960424844799216582e-02
3.961239459235678384e-02
3.961858814263544831e-02
3.963093597361776188e-02
3.963212595519832737e-02
3.963992117439473634e-02
3.964656598229454598e-02
3.965242686012408757e-02
3.965397794345384974e-02
3.967008409206849995e-02
3.967727981187252340e-02
3.966393120093732877e-02
3.967047900591948173e-02
3.967935709174070374e-02
3.968826809067445283e-02
3.969277692560277404e-02
3.969940528701508542e-02
3.971403329444781610e-02
3.971532150965070146e-02
3.972205514846718910e-02
3.972928875169100954e-02
3.973713180136616285e-02
3.974871596270748708e-02
3.975321727816161915e-02
3.975747969897237832e-02
3.976601951301861337e-02
3.977189950729902862e-02
3.976327833984475563e-02
3.977525523062745011e-02
3.978140925526436888e-02
3.978619100408308656e-02
3.979187080628449058e-02
3.980169198517618384e-02
3.980830031278113218e-02
3.981852155119060960e-02
3.980924661183979363e-02
3.981631562762871779e-02
3.982913619180028508e-02
3.983352310367296173e-02
3.983534607417302253e-02
3.984457154069696860e-02
3.985186548698362724e-02
3.986139479194884122e-02
3.987029264105861059e-02
3.987563025584104498e-02
3.988283316138225426e-02
3.988859835176974955e-02
3.989918616477259455e-02
3.990471634335002876e-02
3.992125808131598286e-02
3.992257958296088066e-02
3.993053218481872751e-02
3.994004959982056652e-02
3.994665211281192563e-02
3.995281875369965235e-02
3.996216755738066922e-02
3.996640964800739909e-02
3.997288731891836255e-02
3.996498417332526587e-02
3.997456810623833956e-02
3.997797067050264108e-02
3.999404730087839643e-02
3.999719727386667756e-02
4.000618713850528918e-02
4.001602599170266811e-02
4.002322704848002011e-02
4.002974692571055482e-02
4.004277204079480929e-02
4.004898745016979844e-02
4.005421378837507873e-02
4.006269117561048199e-02
4.006895187581878404e-02
4.007839417966926887e-02
4.008213334273726808e-02
4.008781529816301398e-02
4.009722838926602778e-02
4.010639311306132132e-02
4.011600697930919196e-02
4.012275531074008944e-02
4.012834475974996762e-02
4.013197271862332244e-02
4.014274909081134296e-02
4.015082005742636601e-02
4.015707752792172652e-02
4.016561330214125231e-02
4.017387375885996675e-02
4.018315988190285931e-02
4.018867306684729968e-02
4.020012323147269945e-02
4.020363187327639920e-02
4.020551454877076963e-02
4.021552312391485362e-02
4.022145461014849793e-02
4.022832123167607160e-02
4.023250640200722039e-02
4.024244067200441477e-02
4.024969617145454648e-02
4.025796713912912356e-02
4.026319725096736551e-02
4.027104176014942999e-02
4.027786198048310257e-02
4.028648273250010764e-02
4.029547533909286910e-02
4.030164954060463239e-02
4.030760318689757121e-02
4.031095690141171112e-02
4.032038814172642788e-02
4.033685188949096001e-02
4.034501217578619764e-02
4.035052400740481160e-02
4.035485098517875568e-02
4.036495807762062460e-02
4.037014904781233149e-02
4.037502868665244354e-02
4.038648192592457498e-02
4.038946684056374248e-02
4.039466058798017040e-02
4.040052849208032593e-02
4.040425276830610091e-02
4.041059324172817380e-02
4.040350720472853097e-02
4.041148867131989786e-02
4.042050596436899679e-02
4.042552570393147249e-02
4.042980040723219426e-02
4.043941664382596363e-02
4.044154100394241336e-02
4.045201342251863313e-02
4.045765716880162649e-02
4.046657009174336322e-02
4.047327541947425694e-02
4.047917216497779608e-02
4.048105869273661145e-02
4.057113292703096175e-02
4.056587970367774715e-02
4.055601541275992428e-02
4.058301917865154290e-02
4.057808734840841897e-02
4.057435989647031199e-02
4.056215312624699559e-02
4.055724805153020085e-02
4.056835224401878631e-02
4.057827611255548916e-02
4.058420159614297557e-02
4.059467129953880926e-02
4.060325361962614094e-02
4.061891028525301678e-02
4.062585066332676659e-02
4.063189736809200148e-02
4.062309353080647417e-02
4.063163946221688000e-02
4.063791693758508905e-02
4.064557817231875814e-02
4.065288291427826550e-02
4.066089724601367611e-02
4.066832761828887560e-02
4.079160557241468671e-02
4.079935679027506257e-02
4.079505293574473695e-02
4.080014876735367502e-02
4.079138124460603837e-02
4.079101170886980515e-02
4.080077817213827174e-02
4.080787343023231650e-02
4.080652000572929095e-02
4.081861441027632986e-02
4.082380973819987185e-02
4.082963323928223004e-02
4.083074536270660942e-02
4.083913289310250883e-02
4.084781301632930267e-02
4.083726870791339059e-02
4.084224053357757983e-02
4.084781598383779855e-02
4.074621573923602885e-02
4.075294273129678735e-02
4.076386987772882831e-02
4.077259067771143303e-02
4.078240318827149741e-02
4.078897274850692284e-02
4.079935157029036807e-02
4.080623059698437749e-02
4.081850534323168411e-02
4.082506474875988167e-02
4.083310282801435459e-02
4.083834273985544050e-02
4.084322019353529842e-02
4.084945087465405300e-02
4.085439166694500301e-02
4.085686091628922684e-02
4.087016780146823097e-02
4.087432506880622068e-02
4.088059158724999947e-02
4.088885642987543506e-02
4.089769808396403333e-02
4.090394662418422173e-02
4.091138149968578247e-02
4.091605557896853956e-02
4.092196557056296258e-02
4.092707211108453230e-02
4.093256187847403582e-02
4.093579493813989667e-02
4.094558956081868067e-02
4.095053980710756936e-02
4.095697937062905275e-02
4.096619392862503595e-02
4.097314580592979066e-02
4.097868061560998310e-02
4.098887787341707473e-02
4.099280904594935354e-02
4.099987399386631481e-02
4.100530210307783141e-02
4.101284017348536676e-02
4.102235079126023698e-02
4.102959613227274982e-02
4.103437811447177563e-02
4.104068914027341614e-02
4.104750590260652227e-02
4.105166070900696795e-02
4.105671189835150003e-02
4.106414613419091114e-02
4.107024992064770008e-02
4.107492019518022008e-02
4.108110181825889995e-02
4.097985696570016073e-02
4.098893519179942074e-02
4.099566459659768902e-02
4.100505074299876790e-02
4.101088412351444612e-02
4.101710955342879883e-02
4.102352941793935975e-02
4.103184685968557649e-02
4.103826843394536156e-02
4.104537572133548640e-02
4.104896843209985408e-02
4.105808726957889399e-02
4.105878545958410036e-02
4.105296935427968363e-02
4.097496082574156318e-02
4.098055380718990115e-02
4.098671349439651779e-02
4.099383176977672988e-02
4.099849196501553772e-02
4.100833232781459642e-02
4.101218305020057353e-02
4.101953306415479644e-02
4.102410853928979001e-02
4.103071034216505819e-02
4.104081981115418470e-02
4.104342350254749916e-02
4.104772836290754984e-02
4.105881761003567915e-02
4.105323702236631650e-02
4.105589416572230643e-02
4.106279777614381399e-02
4.106873413670079215e-02
4.107235057998383232e-02
4.108019819225122715e-02
4.108887489834121137e-02
4.109507403856106633e-02
4.110030569304928827e-02
4.110822115775408098e-02
4.111261186613084789e-02
4.111703257357719049e-02
4.112203338268769631e-02
4.112859137940138438e-02
4.113975142966926068e-02
4.114626676498082947e-02
4.115039538246278300e-02
4.115390602233574141e-02
4.114784338797603663e-02
4.115339923552478740e-02
4.116313286664069482e-02
4.116724973617888472e-02
4.117477587847602483e-02
4.118222040679647700e-02
4.118768378683534959e-02
4.117936109147868340e-02
4.118430709902693582e-02
4.119044883713873784e-02
4.119459886455219266e-02
4.119709714315822335e-02
4.120409113702054593e-02
4.120907856759511989e-02
4.121456323625776602e-02
4.122010034017873498e-02
4.122976783516174581e-02
4.123499878502942528e-02
4.123953428062032689e-02
4.124607507635749681e-02
4.124973143412929977e-02
4.125467240828681326e-02
4.126192615740913172e-02
4.126634405854233412e-02
4.127401871535703315e-02
4.127764745806421220e-02
4.127900789635299134e-02
4.128431298628172652e-02
4.128927722607700357e-02
4.129655021418975752e-02
4.130487606814700619e-02
4.131613902177148911e-02
4.131955298345280081e-02
4.132245798891877320e-02
4.132911913594396885e-02
4.133862211936950581e-02
4.134377008581122115e-02
4.133432602628311220e-02
4.133972125586297952e-02
4.134628376148397066e-02
4.135474437197755870e-02
4.136326643576244272e-02
4.136765876712923673e-02
4.137422019082580282e-02
4.137834102371360651e-02
4.138611382989030446e-02
4.139488346741741071e-02
4.140019635869188197e-02
4.141016528875230557e-02
4.141084108910865480e-02
4.141789652877774647e-02
4.142210819216207013e-02
4.142615701628506175e-02
4.141729960256664012e-02
4.142665431250927566e-02
4.143054031964406997e-02
4.143608030853266483e-02
4.144427016513192036e-02
4.144494806268232689e-02
4.144803351713779310e-02
4.145402525769360108e-02
4.145827376945838971e-02
4.146297855978415409e-02
4.145914348768797025e-02
4.146190543140330920e-02
4.146548157249090732e-02
4.147268331743945990e-02
4.147590183372506373e-02
4.148183399703962021e-02
4.148520062488718352e-02
4.148937341302822573e-02
4.149296119101578834e-02
4.150056426669274101e-02
4.150574179122869939e-02
4.150116825920897867e-02
4.150509706431830537e-02
4.150986014057465173e-02
4.151783425394973970e-02
4.152366320535551270e-02
4.152870877905445735e-02
4.153637179512984640e-02
4.154103500555660078e-02
4.155227773179543532e-02
4.155839030757400854e-02
4.156441814656961636e-02
4.156845092626417631e-02
4.157373263965789822e-02
4.157745273224358606e-02
4.158385153809895235e-02
4.159091228988660155e-02
4.158270719669017457e-02
4.159016764060292914e-02
4.159254782555655422e-02
4.159555271468315385e-02
4.160404065434659265e-02
4.160931842707375067e-02
4.161704450156892415e-02
4.162305596866584800e-02
4.162738632493028640e-02
4.163149999473428342e-02
4.163693156612055524e-02
4.164155772487372620e-02
4.165808099769717499e-02
4.166464113832317462e-02
4.166988586130267180e-02
4.167507384783582236e-02
4.167856774752952409e-02
4.168548761929608687e-02
4.169003509561287901e-02
4.169444059111345607e-02
4.169976503313566063e-02
4.170714739312025854e-02
4.171096467561837690e-02
4.171516748783859335e-02
4.172297491897081906e-02
4.173189806363355320e-02
4.173482970683863036e-02
4.174047707898748821e-02
4.174406530927653874e-02
4.174878361366735069e-02
4.175517744418764249e-02
4.176252352635018150e-02
4.176777456537691946e-02
4.177344657953617479e-02
4.178375896169634479e-02
4.178607164171933841e-02
4.179284608424941455e-02
4.180082181342664044e-02
4.180406772042456059e-02
4.180979256389331239e-02
4.181683375001178649e-02
4.182138516331289357e-02
4.182721425665734960e-02
4.183019949793791159e-02
4.183770558887361241e-02
4.184182297891793356e-02
4.184679145784784421e-02
4.185169766702688532e-02
4.185958427322240827e-02
4.186342631959097393e-02
4.186770241442772100e-02
4.187124615380068138e-02
4.187940864217397363e-02
4.188762293438007961e-02
4.189088082631402948e-02
4.189509762331135312e-02
4.190142711737128434e-02
4.190891491843035804e-02
4.191298640468390374e-02
4.190649464112040923e-02
4.177348860527111546e-02
4.178139607034482561e-02
4.178941975947191023e-02
4.179575108159266222e-02
4.180159855909722916e-02
4.180737544697123859e-02
4.181454117595741898e-02
4.182337895374224623e-02
4.182697586083369140e-02
4.173233718087900057e-02
4.173621336464294895e-02
4.174151583442390484e-02
4.174822348340651718e-02
4.175465664496257751e-02
4.175966785146896509e-02
4.176559426363406907e-02
4.177200606359762064e-02
4.177500668390300709e-02
4.178227147795287449e-02
4.178671117678694341e-02
4.179138023793422391e-02
4.179933692717432980e-02
4.180251223475105887e-02
4.180502177391546420e-02
4.181045128696377067e-02
4.181466278555877325e-02
4.182039914970453465e-02
4.182754598514976802e-02
4.182404652317114890e-02
4.182947429398385653e-02
4.183963891306272109e-02
4.184357493443777859e-02
4.184774773466529152e-02
4.185331984034488390e-02
4.185964187780235463e-02
4.186591143734981479e-02
4.186731148741317660e-02
4.187351188436395921e-02
4.187890969210088937e-02
4.188245913952944044e-02
4.188894979523889728e-02
4.189342303504349496e-02
4.189401304201834791e-02
4.190039452615185178e-02
4.190588445982466187e-02
4.190965493462940616e-02
4.191482659447104409e-02
4.191748193278767992e-02
4.191034331555935910e-02
4.191835614457999071e-02
4.191930285827159125e-02
4.192940539812738121e-02
4.193275681271711741e-02
4.193945435065029453e-02
4.194498995420403026e-02
4.194770119652867918e-02
4.195394682283933724e-02
4.196031104566158576e-02
4.196597374629537636e-02
4.197306822432215340e-02
4.197591497653997694e-02
4.197947571739538142e-02
4.198299137950203125e-02
4.198701557543936536e-02
4.199243168501194667e-02
4.200023284437138377e-02
4.200677256522817454e-02
4.200865974735706887e-02
4.201477080284438115e-02
4.202180858521797208e-02
4.202630166865604922e-02
4.203057774387619627e-02
4.203771301453098491e-02
4.204095891975441479e-02
4.204858469945121219e-02
4.205215632894004213e-02
4.206003854756609067e-02
4.206226960921226332e-02
4.206710489886813370e-02
4.207307308923569078e-02
4.207627928995762157e-02
4.208528777752954669e-02
4.208946093900358537e-02
4.209350028098400587e-02
4.209734254597144454e-02
4.210403135868700381e-02
4.210782911541457313e-02
4.211459793598357204e-02
4.212061337074114037e-02
4.212643423373742257e-02
4.213160916688533236e-02
4.213900020492730020e-02
4.214320208118910172e-02
4.214619039621350649e-02
4.214994949827750165e-02
4.215840959374648339e-02
4.216093897177207450e-02
4.216743311633366909e-02
4.216065382281604379e-02
4.216424709914353558e-02
4.216903782479050622e-02
4.217347995005134298e-02
4.217754705951791416e-02
4.218053118640408689e-02
4.218498812766582895e-02
4.219050812071533513e-02
4.219431535504601649e-02
4.219825532068147839e-02
4.220277156048351380e-02
4.221585558257599791e-02
4.221894016855209236e-02
4.222017435128451457e-02
4.222633969469016119e-02
4.222670882337347525e-02
4.222881978520520024e-02
4.223447474778160848e-02
4.224172070368925613e-02
4.224158068258188070e-02
4.224596448015721650e-02
4.225043602300810469e-02
4.225579011815504965e-02
4.226040912975555230e-02
4.226647171968740679e-02
4.227186843478908385e-02
4.227467491996153570e-02
4.228412495161823492e-02
4.228620953244566216e-02
4.228840083959901214e-02
4.229809686897984672e-02
4.230230428706481527e-02
4.230620839850031401e-02
4.230249848306590066e-02
4.230887462111497521e-02
4.231205675257632831e-02
4.231732057943511649e-02
4.232000014750366551e-02
4.232621506996455535e-02
4.233016115634247178e-02
4.233941878267819675e-02
4.234370805175825814e-02
4.234661264820715337e-02
4.235286658250971698e-02
4.235383709444772576e-02
4.235655423920901136e-02
4.236355434211424437e-02
4.236851821263969836e-02
4.237214886978031558e-02
4.237975932973601922e-02
4.238256170618997370e-02
4.238940862003704596e-02
4.239291488096817717e-02
4.239799787267219816e-02
4.240339028975563529e-02
4.240869762396201614e-02
4.241421572685276364e-02
4.241446832242530551e-02
4.242158495895083370e-02
4.242350647819462250e-02
4.242902441922174334e-02
4.243668655294306064e-02
4.244029988328816561e-02
4.244513112795474108e-02
4.244903945577852694e-02
4.245353320762756955e-02
4.245875571206671889e-02
4.246172641662682157e-02
4.247316530701264470e-02
4.247467019404756183e-02
4.247867743383301059e-02
4.248336203457014210e-02
4.248862043029789926e-02
4.249432734053316257e-02
4.250064584199592793e-02
4.250480022901254734e-02
4.250970612086513167e-02
4.251535013729211554e-02
4.252033388389392377e-02
4.251644754465404297e-02
4.252342327454148446e-02
4.253175090675887643e-02
4.253662493274534134e-02
4.253216538248529716e-02
4.253542792266014338e-02
4.254352944980912404e-02
4.254749997619130392e-02
4.255368275776677534e-02
4.255914771513420042e-02
4.257230829363676389e-02
4.257834826155409286e-02
4.258569880022605725e-02
4.259111381858625422e-02
4.259223428879320428e-02
4.259678291700942643e-02
4.260327060376920688e-02
4.260659279962952101e-02
4.261118354138120762e-02
4.261582478540134472e-02
4.262106883958814707e-02
4.262483106876007594e-02
4.262972620398509244e-02
4.263220115247595005e-02
4.263534978841881234e-02
4.264270160100137180e-02
4.264844304743838771e-02
4.265071171181446935e-02
4.265420066275895511e-02
4.265948044625676033e-02
4.266450992204970372e-02
4.266843354139923661e-02
4.267246596340514703e-02
4.267668869625421135e-02
4.268284349374618786e-02
4.268909337100505047e-02
4.269231742085340120e-02
4.269819569960211364e-02
4.270525103110119763e-02
4.270848053783205672e-02
4.271343503591729096e-02
4.271504974499580609e-02
4.271806211220686988e-02
4.272467397534057687e-02
4.272748775780722819e-02
4.273038523115732512e-02
4.273766529004795894e-02
4.274189618831559373e-02
4.274614155795793818e-02
4.274403090416561274e-02
4.274698858261433837e-02
4.274962523766473455e-02
4.275513934036000857e-02
4.275865740142793109e-02
4.276270942260979729e-02
4.276968508873760233e-02
4.277507852855959997e-02
4.277995979440306351e-02
4.278371948046343770e-02
4.278776242071719721e-02
4.278405807324996146e-02
4.278817462359078144e-02
4.279214059074490373e-02
4.279473775005729341e-02
4.279920280234122271e-02
4.280043088136249035e-02
4.280598734597729216e-02
4.268250174488760068e-02
4.268808336662989478e-02
4.269395619763638461e-02
4.269219286982400829e-02
4.269622329613220052e-02
4.270313584764823950e-02
4.270792521534685221e-02
4.271402885384602277e-02
4.271842266766215368e-02
4.272451463979571457e-02
4.272814835471098333e-02
4.273626737802669467e-02
4.274079192450015025e-02
4.274489778656916095e-02
4.275007604111816240e-02
4.275387543035752413e-02
4.275831733955349351e-02
4.276297171526927121e-02
4.276866624503812553e-02
4.277231662094602149e-02
4.278068624658749181e-02
4.278050948752067789e-02
4.278612853713140152e-02
4.278996786265028274e-02
4.279405826347046360e-02
4.279826303775184637e-02
4.280128966007364089e-02
4.280735478164547636e-02
4.281150972849714215e-02
4.281741206423873847e-02
4.282032217634845067e-02
4.282315992431980772e-02
4.282861889806096473e-02
4.283106305867624003e-02
4.283365986726221653e-02
4.283816640170059337e-02
4.264786287303710260e-02
4.266103129681665662e-02
4.267134058882644104e-02
4.267867644550873280e-02
4.268599689735625563e-02
4.269099608754423070e-02
4.269758556551054435e-02
4.270296820242189956e-02
4.271026851213376163e-02
4.271603489720223606e-02
4.272173184316670896e-02
4.272663064366197944e-02
4.258618847767397381e-02
4.259545542850182859e-02
4.260210184748692425e-02
4.260978851966036596e-02
4.261805856127295900e-02
4.262450723771831623e-02
4.263016269834822569e-02
4.263536752897952725e-02
4.264001996050218596e-02
4.264394545753293075e-02
4.265182515214978320e-02
4.265812577999380378e-02
4.266350362453099482e-02
4.266806555382451904e-02
4.258057872820422696e-02
4.258525347088547991e-02
4.259238594489193896e-02
4.259550439840830566e-02
4.259885694668769096e-02
4.260882850017667922e-02
4.261176751584493105e-02
4.261523361656834041e-02
4.262043100664441447e-02
4.262645558507943688e-02
4.263095908568461517e-02
4.263704038109571853e-02
4.256620533617027496e-02
4.256980441794972619e-02
4.257212863037124206e-02
4.257753886997075327e-02
4.258156249045606800e-02
4.258794597361782036e-02
4.259068547007528738e-02
4.259279996596909701e-02
4.259551704422129270e-02
4.259978966274467066e-02
4.260483087009277192e-02
4.260979534739689489e-02
4.261404259938093853e-02
4.261176900938290490e-02
4.261572292103479875e-02
4.262204928885479638e-02
4.262944941008817157e-02
4.263335566672371568e-02
4.263913413774529648e-02
4.264374362585229145e-02
4.264601559367069139e-02
4.265008305045116938e-02
4.265610382067476503e-02
4.265992225210250149e-02
4.266281017760893690e-02
4.266597383872239302e-02
4.267026473392524638e-02
4.267204632523052821e-02
4.267845029183649913e-02
4.268275126836254540e-02
4.268808729597897006e-02
4.269093427412884445e-02
4.269768996201701167e-02
4.270115970460166416e-02
4.270744184164448898e-02
4.270957270608680134e-02
4.271246780897700740e-02
4.271710503579834867e-02
4.272158081198613316e-02
4.272384194319423650e-02
4.273028166315073068e-02
4.273437836011204083e-02
4.273871651118054532e-02
4.274571383573969041e-02
4.274881298164844717e-02
4.275094116438212660e-02
4.275643626884360893e-02
4.275798844396879600e-02
4.276276484302112685e-02
4.276924940044946055e-02
4.277511974280438084e-02
4.277912576584342458e-02
4.278273012233130279e-02
4.277725751166255169e-02
4.278165135591854851e-02
4.278614602898209163e-02
4.278878279394474765e-02
4.279349281221513090e-02
4.279923668931421427e-02
4.280426271050640635e-02
4.280834107411762152e-02
4.280306953154836003e-02
4.280622993177985586e-02
4.280833976675968433e-02
4.280458512055520387e-02
4.280815067445400968e-02
4.281198513147374540e-02
4.281806508074347678e-02
4.282201829870492527e-02
4.282599056496958628e-02
4.282939981403224849e-02
4.283129743667558192e-02
4.283728994555164454e-02
4.284078909840582927e-02
4.265992431315356742e-02
4.266784876577597863e-02
4.267423887727910675e-02
4.267993592876771769e-02
4.268721382320935648e-02
4.269812225046106663e-02
4.257147593432505234e-02
4.257712981642585576e-02
4.258453653690618540e-02
4.259121963548203466e-02
4.259536619126539497e-02
4.259987489163382518e-02
4.260671720141889773e-02
4.261412593339145710e-02
4.261935634493932423e-02
4.262407329248801835e-02
4.263030532699073338e-02
4.263763946080448980e-02
4.264066681223393357e-02
4.264680619299406061e-02
4.264967695354856397e-02
4.265326350188477361e-02
4.265683975813670120e-02
4.266052532275618064e-02
4.266480981003242801e-02
4.265996222283478800e-02
4.266350842430362972e-02
4.266707721606902842e-02
4.267073837597828295e-02
4.267454238331250954e-02
4.267780031100019966e-02
4.268754042658168962e-02
4.268994748208079087e-02
4.269431485905482437e-02
4.269818520118905114e-02
4.270315492629074561e-02
4.270755353626884410e-02
4.270899970665900658e-02
4.271148265212596634e-02
4.271706759100434708e-02
4.272144047633240349e-02
4.272589874350798261e-02
4.266643687357340314e-02
4.266997959302982341e-02
4.267344607146657254e-02
4.267532216117033567e-02
4.267889154544506070e-02
4.268149788644524240e-02
4.268381799394320442e-02
4.268807464953901232e-02
4.269213945370267660e-02
4.269372668374322999e-02
4.255476152432353248e-02
4.256074237983464154e-02
4.256673997761054734e-02
4.257314735844952569e-02
4.257821997533335623e-02
4.258324585547683394e-02
4.258792504698639958e-02
4.259399940153973940e-02
4.260031190521362809e-02
4.260400181053308061e-02
4.261037460048482800e-02
4.261495625397877102e-02
4.261829665797650657e-02
4.262142652266880105e-02
4.262636778106122792e-02
4.263025474968499401e-02
4.263422094279752106e-02
4.263716145322203610e-02
4.264277567206485597e-02
4.264601559146010551e-02
4.265732449100576029e-02
4.266158441308334770e-02
4.266502890175854351e-02
4.266988096563568977e-02
4.275085421576411276e-02
4.274791486439556698e-02
4.274487981692203648e-02
4.273965720110658312e-02
4.279301358749983825e-02
4.279014493512834499e-02
4.278621469227624624e-02
4.278091026178259398e-02
4.277692713788753404e-02
4.277255555093062434e-02
4.276904650633056582e-02
4.277611226985352649e-02
4.278090676337822917e-02
4.278475261254092998e-02
4.279004020370286154e-02
4.279545404259675612e-02
4.279923668929878217e-02
4.280138637945328506e-02
4.280602413492185648e-02
4.280868428682360616e-02
4.281293947596545579e-02
4.281660811356648860e-02
4.282196850190152920e-02
4.282605162116102232e-02
4.282931945398012197e-02
4.283303516875133082e-02
4.293920144597185296e-02
4.301304032486828050e-02
4.300993756882696278e-02
4.300713119575450688e-02
4.300328627302536788e-02
4.299905980363110530e-02
4.299457046546183159e-02
4.298809834719643369e-02
4.298566161306989486e-02
4.298146517058622912e-02
4.299184829809220981e-02
4.299737768252367975e-02
4.298696698896643104e-02
4.299213592926136307e-02
4.299670342748411478e-02
4.300172882785797956e-02
4.300593239388473404e-02
4.300212472763106225e-02
4.300550081813073883e-02
4.301329433011697595e-02
4.301754030654546951e-02
4.302112570111530504e-02
4.302601759126668812e-02
4.303005028195380777e-02
4.302385706589076375e-02
4.302789455537511798e-02
4.303285223008286586e-02
4.303539553858817118e-02
4.303829880169753042e-02
4.304150721052708156e-02
4.304401358172202374e-02
4.305152562923000858e-02
4.305355442172795893e-02
4.305950681104442346e-02
4.306442105861125330e-02
4.306812433807651747e-02
4.307128196507472445e-02
4.307323152475124595e-02
4.308101380555647009e-02
4.308502208644183346e-02
4.308944457114317894e-02
4.309319850272862878e-02
4.309664007330230029e-02
4.309930622348204926e-02
4.310438624599604446e-02
4.311018057487425725e-02
4.311401763039279106e-02
4.311158184708590441e-02
4.311575425584399102e-02
4.311902990300937877e-02
4.312386151298129577e-02
4.312906386360266381e-02
4.313289609338194497e-02
4.313798596808833541e-02
4.314018918918595402e-02
4.314336405898604870e-02
4.313965075417721534e-02
4.314319748651723740e-02
4.314765155817973374e-02
4.315128963165298231e-02
4.315490602920252911e-02
4.315892743473508791e-02
4.316309494319280765e-02
4.316668570305957908e-02
4.316885887443525083e-02
4.317291185203876724e-02
4.317731215628912989e-02
4.318168866721340537e-02
4.317780831284866172e-02
4.318261633090125090e-02
4.318591216124816751e-02
4.318825007155961682e-02
4.319249153153408016e-02
4.319513311309330222e-02
4.320186239700216091e-02
4.320463320010366204e-02
4.320717312745023242e-02
4.320167194017413698e-02
4.320405327642651283e-02
4.320842196660943518e-02
4.321160987332695741e-02
4.321445621379410573e-02
4.321828120904635390e-02
4.320955219430284294e-02
4.321357262221312001e-02
4.321800747122443720e-02
4.322009696999470907e-02
4.322342198948354169e-02
4.322416376838939672e-02
4.323040114043252835e-02
4.323263414500191221e-02
4.323779312854948015e-02
4.324085325526878104e-02
4.324467494870988526e-02
4.324969741391912481e-02
4.325178015819210880e-02
4.325448200521234132e-02
4.325851032181815548e-02
4.326226155403283674e-02
4.326621658616171262e-02
4.327129246543359731e-02
4.327496716493030998e-02
4.327798819548420856e-02
4.328205836013837571e-02
4.328446380277662514e-02
4.329029921018271582e-02
4.329363885567297232e-02
4.329489411566525559e-02
4.329949608647488957e-02
4.329588596297433839e-02
4.329747771760707881e-02
4.330111135993261473e-02
4.330468450868214109e-02
4.330887606030351528e-02
4.331169710318771154e-02
4.331496242170493338e-02
4.331817773809111538e-02
4.332202560388464380e-02
4.332466445218900730e-02
4.333211421005970371e-02
4.329220538750311320e-02
4.329343997167792168e-02
4.329572074905568141e-02
4.329775028057277625e-02
4.330091100223970590e-02
4.330475684586668900e-02
4.330852995660396804e-02
4.331262465071482326e-02
4.331485545348061350e-02
4.331636061702255625e-02
4.332113903867711863e-02
4.332278378858869794e-02
4.332709011043696379e-02
4.333701050534431720e-02
4.334079165477793677e-02
4.334363419543382778e-02
4.326204665554188311e-02
4.326443593140780891e-02
4.326945888502711779e-02
4.327554660735653813e-02
4.327868092613500889e-02
4.328258243101960889e-02
4.328417118014639409e-02
4.328876490343496614e-02
4.329181167519979140e-02
4.329666736071256100e-02
4.329920454574200106e-02
4.330418122148732563e-02
4.330726732977049215e-02
4.331108583166660975e-02
4.331453081243563652e-02
4.331590381598572626e-02
4.331926672863486288e-02
4.332327107950292161e-02
4.332597004111871097e-02
4.332988954967884054e-02
4.333088801251409189e-02
4.333677752339482048e-02
4.334167369259067648e-02
4.334522554104770081e-02
4.334762950009526938e-02
4.335160433834405608e-02
4.335513094236631559e-02
4.335842605478676393e-02
4.336246743778021662e-02
4.336486452873068720e-02
4.336818858131696180e-02
4.336439347418259010e-02
4.336895299327735154e-02
4.337122745996385004e-02
4.337367518128822097e-02
4.337817490928180808e-02
4.338144422539760153e-02
4.338507437105848519e-02
4.338798667961319550e-02
4.339037132953768583e-02
4.339525516169234071e-02
4.339913665404866033e-02
4.340613469079222797e-02
4.341001985376318623e-02
4.341505945156910740e-02
4.341733513288524582e-02
4.341990532939860037e-02
4.342418662419056385e-02
4.342766918890305500e-02
4.342973280129224650e-02
4.343324783412812196e-02
4.343815507686238364e-02
4.343973760162309766e-02
4.344118123607048493e-02
4.344631068688396131e-02
4.344943490289484428e-02
4.345135772679818015e-02
4.345524993389208307e-02
4.345942815891488953e-02
4.346249212002605000e-02
4.346603867891145334e-02
4.346926841595949442e-02
4.347326569740907892e-02
4.348189707760906353e-02
4.348407158915562620e-02
4.348573830528725676e-02
4.348825221256130691e-02
4.349156331699189498e-02
4.349534822109643595e-02
4.349808107966307569e-02
4.350055267658037988e-02
4.350342057858493094e-02
4.350728776789900693e-02
4.351110842060235823e-02
4.351523339639371685e-02
4.351647849335091994e-02
4.352014755840578203e-02
4.352369684591119586e-02
4.352941397911511134e-02
4.353185642654091442e-02
4.353621392221243558e-02
4.353923065458131098e-02
4.354423645012761579e-02
4.353770963458191562e-02
4.354227741450122230e-02
4.354500519470828890e-02
4.355080076871019334e-02
4.355337941895089104e-02
4.355748486381358364e-02
4.356178470096669364e-02
4.356442595348301167e-02
4.356750922917402430e-02
4.357202107103372302e-02
4.357812003350929747e-02
4.358059494052893973e-02
4.358418848210620505e-02
4.358801101458580768e-02
4.359047421180627796e-02
4.359542450877124803e-02
4.359718032405559413e-02
4.360078977334358452e-02
4.360492854239932797e-02
4.361045173816623793e-02
4.361390446102269419e-02
4.361846863566422317e-02
4.362305242446366110e-02
4.363470433371764712e-02
4.363650616254637071e-02
4.348521166405427268e-02
4.348823352955323573e-02
4.349265486326469449e-02
4.349847446128584511e-02
4.350203571647240364e-02
4.350575376200574440e-02
4.351024622114643692e-02
4.351469442752063654e-02
4.351831800796883420e-02
4.352316774431996826e-02
4.352676325275638136e-02
4.353046475346428190e-02
4.353503277321828235e-02
4.353815973592296135e-02
4.354146694619460967e-02
4.354609353758118195e-02
4.354899237093170367e-02
4.355426612483489363e-02
4.354935128968542846e-02
4.355271389235323282e-02
4.355416186388735844e-02
4.355937769568696966e-02
4.356193767602402345e-02
4.356385700626051738e-02
4.356980463583321611e-02
4.357259444412445171e-02
4.357657817221424063e-02
4.357844945339178072e-02
4.358298618514181572e-02
4.358570101628896770e-02
4.359070447418697536e-02
4.359590572159244976e-02
4.359998250088836791e-02
4.360328133339970436e-02
4.360517342619087827e-02
4.360859668891237106e-02
4.361147130873847810e-02
4.361521587557871255e-02
4.361869508278329310e-02
4.362028436880690391e-02
4.362336967154062384e-02
4.362575784017601321e-02
4.362877652936024420e-02
4.363209890663907048e-02
4.363301220974765554e-02
4.363390674169586453e-02
4.363854607862763246e-02
4.364138534394988028e-02
4.364452447743735058e-02
4.364090155362973511e-02
4.364551234576358879e-02
4.364810867592235077e-02
4.365188355110392188e-02
4.365420869717481778e-02
4.365960816488975021e-02
4.366109791103133658e-02
4.365765458875445204e-02
4.366087660638055118e-02
4.366427205419130125e-02
4.366797768382721379e-02
4.367084620707386428e-02
4.367487697908869343e-02
4.367706752968671113e-02
4.367925816116878523e-02
4.368044587864246958e-02
4.368229874215907166e-02
4.368471424753286175e-02
4.368768495607933122e-02
4.369155634734585986e-02
4.369430181478898417e-02
4.369681630428871172e-02
4.369995051250028656e-02
4.370222719724150412e-02
4.370800838225714219e-02
4.371156393416281150e-02
4.371367175082417622e-02
4.371716062395678698e-02
4.372099720635185677e-02
4.372363760171454200e-02
4.372735113471043489e-02
4.373000238473452594e-02
4.373399657458250378e-02
4.374001296592266996e-02
4.374246160656634907e-02
4.374750510434042422e-02
4.375029721427110829e-02
4.375506283350607400e-02
4.375598390227841000e-02
4.375877599983968996e-02
4.375436106651557633e-02
4.375745301983547525e-02
4.376030050247820685e-02
4.376170425277772780e-02
4.376513858449321975e-02
4.376836286851739505e-02
4.377074627584533195e-02
4.377511149553242609e-02
4.377846809713980408e-02
4.378276358257821715e-02
4.378418286426963291e-02
4.378622678584970229e-02
4.378807988222512687e-02
4.379142483076780418e-02
4.379471115323377295e-02
4.379895067591639546e-02
4.380242536494707850e-02
4.380550780240161785e-02
4.380835853202621338e-02
4.381214942641406540e-02
4.381482232478794286e-02
4.381655970605493472e-02
4.382044859622864774e-02
4.382327017031041605e-02
4.382522842541448221e-02
4.383091948928526799e-02
4.383479010389573077e-02
4.383700253231413019e-02
4.383907350186944107e-02
4.384201256514678319e-02
4.384364712545626291e-02
4.384923787189379946e-02
4.385117765565490350e-02
4.385530823409142243e-02
4.385800687926890568e-02
4.386178935318093414e-02
4.386391872262967312e-02
4.386741051787461376e-02
4.387025937373269929e-02
4.387238660745097080e-02
4.386710725979239139e-02
4.387003359313447481e-02
4.387244616465914293e-02
4.377339930027680792e-02
4.377640693643993636e-02
4.378039998714244874e-02
4.378446809380769772e-02
4.378707460282934422e-02
4.379067316777545543e-02
4.379775711284052825e-02
4.380122706391029186e-02
4.380333369313344632e-02
4.380661344102972782e-02
4.381200503800213031e-02
4.381514113795802190e-02
4.381806936110017175e-02
4.374593412961029493e-02
4.374806789848807720e-02
4.375034226143326155e-02
4.375282848508040001e-02
4.364544477923273935e-02
4.365073316083405153e-02
4.365533751687421249e-02
4.366039059817703599e-02
4.366394301507130205e-02
4.366761612078284838e-02
4.367047860659931113e-02
4.367414402035543763e-02
4.367753711522765619e-02
4.368017170143566330e-02
4.368257005378149010e-02
4.368590050127608287e-02
4.368815613687342114e-02
4.369139379711733939e-02
4.369472158425845992e-02
4.369839665830724945e-02
4.370436687817690763e-02
4.370671558942989393e-02
4.370972279706726582e-02
4.371391676025726536e-02
4.371616529305395044e-02
4.371871188978384420e-02
4.372143775604872551e-02
4.372387918439875343e-02
4.373040178403769102e-02
4.373273676879050470e-02
4.373483233571164724e-02
4.373769191831743813e-02
4.373800000132641724e-02
4.374229240817027048e-02
4.374527069804026724e-02
4.375068929574180143e-02
4.375445043571492970e-02
4.375775206158385305e-02
4.375925743260878492e-02
4.376563803368101191e-02
4.376787686941870786e-02
4.376973401025347626e-02
4.377261480855470371e-02
4.377339499122879368e-02
4.377691935865211936e-02
4.377883861403246424e-02
4.378291208846509658e-02
4.378510789104011341e-02
4.378731625064482408e-02
4.379086612472331969e-02
4.379309477843737475e-02
4.379800772477411563e-02
4.380052635485447154e-02
4.380321016913725496e-02
4.380725069476155975e-02
4.380676599737468035e-02
4.380986172696017811e-02
4.381210139041430418e-02
4.381386694592283998e-02
4.381847178199289872e-02
4.381983466925001153e-02
4.381615413051305474e-02
4.381860855623858492e-02
4.382265818489582132e-02
4.382625716745353062e-02
