1.000000000000000000e+00
1.000000000000000000e+00
1.000000000000000000e+00
1.000000000000000000e+00
1.000000000000000000e+00
1.000000000000000000e+00
1.000000000000000000e+00
1.000000000000000000e+00
1.000000000000000000e+00
1.000000000000000000e+00
1.000000000000000000e+00
1.068145487681820827e+00
1.037301419329128338e+00
9.659393135617058146e-01
1.048845981905263347e+00
8.216374181528010023e-01
8.185419365922863566e-01
8.067704489661069456e-01
1.018547418136988680e+00
1.096583681289060808e+00
9.043810134980313498e-01
8.504573289915626777e-01
6.167259085191513224e-01
6.840329990548351669e-01
6.633496906058090614e-01
5.619587959210271544e-01
5.208841194666519181e-01
1.075502315522405050e+00
5.255575563275135531e-01
7.414259236042582968e-01
7.537625097898293935e-01
4.999018637532428588e-01
4.633219491391440958e-01
1.123695156030190434e+00
4.257602691429504538e-01
9.662991719056250872e-01
5.307558818988563631e-01
4.851256659728288012e-01
6.244251895876904435e-01
3.883393214485628686e-01
3.786279365231498550e-01
4.334438833787207512e-01
3.818463330109254650e-01
3.640871033073092566e-01
4.534138272476661013e-01
6.499221398347007073e-01
4.600755115519212235e-01
6.824562276155063945e-01
5.218836425560435810e-01
4.483181292998815737e-01
3.434007532938173068e-01
5.206040906790226908e-01
3.628756432330512705e-01
4.160793149507893141e-01
5.960266047940827594e-01
5.506670323608636730e-01
7.871965750002548612e-01
6.905724527740292329e-01
4.259620932175001151e-01
3.902438674098121507e-01
3.618370413262936292e-01
3.438671521565040967e-01
3.677410505243629557e-01
4.408210615906892338e-01
6.609054885091746323e-01
2.620383076823272761e-01
3.658305587861842012e-01
2.457231853626767049e-01
2.505755757944281292e-01
6.294504254947488331e-01
2.578116504663581776e-01
3.777621092744172238e-01
3.136099540783099937e-01
2.768019161159037678e-01
3.037606420875129110e-01
4.292678097884792265e-01
2.778889371857315438e-01
3.317487046130538908e-01
4.472788627368459169e-01
7.430915398019907192e-01
5.935591750296635993e-01
3.374451554109065832e-01
5.056859359056763425e-01
3.488297131294175735e-01
2.082860792503211378e-01
4.059931262493472470e-01
2.043174892414834354e-01
3.295170473925906340e-01
2.517547522161677209e-01
4.207750754650544378e-01
2.112219142941281214e-01
3.396368396628122732e-01
2.169134297784965637e-01
4.108249975069093729e-01
6.271180785233861910e-01
3.947909605945306155e-01
3.188728861470324083e-01
1.780070790246559287e-01
3.554794061904996694e-01
1.797888320611221169e-01
5.334334999061298710e-01
1.772702968701682091e-01
2.537305194115111462e-01
2.768371031689619288e-01
4.735104740841504234e-01
1.834646936822424967e-01
2.446287987279735787e-01
5.511034524324022188e-01
1.703594866284519616e-01
2.070519735314681198e-01
1.758810573568459212e-01
5.728195632497086187e-01
5.591467509842885653e-01
3.556962413720142213e-01
3.667684962968049689e-01
1.644700108638711411e-01
2.772014167601526968e-01
2.255019358523019102e-01
4.872367126152198358e-01
1.531917822633755699e-01
4.093575554999877575e-01
4.149766452721190269e-01
1.775724142766907099e-01
2.064183577267826031e-01
1.886773247076652116e-01
4.450097695955783084e-01
5.008190380405619369e-01
4.102307763151239461e-01
2.516405118295525489e-01
1.981217556537692992e-01
1.369467948277597324e-01
2.082944450650639767e-01
1.930927249209818952e-01
1.559372176394879239e-01
2.618243278627166992e-01
2.922870220800555252e-01
1.313401660102470891e-01
2.649585436721947906e-01
3.080546999967167521e-01
3.587992869414419750e-01
2.148940568241287374e-01
2.199855898378381691e-01
1.387533755472959429e-01
1.940394652436758238e-01
1.857377480978843753e-01
3.613802155515816183e-01
2.939480235266640484e-01
2.416076402750426122e-01
3.818787035780787931e-01
2.009778154622502699e-01
2.500515155660104072e-01
1.940642720071975302e-01
1.318047277778999216e-01
1.937532520234825639e-01
4.216372855263644248e-01
1.899116481158905634e-01
1.198258413074322348e-01
3.292231681902679785e-01
1.651577908592855304e-01
3.699741109825240848e-01
2.725528447617413530e-01
2.498039536953467477e-01
1.139304089958738525e-01
1.922428125237681529e-01
1.756161102184303768e-01
2.502768711002691382e-01
4.986719275805492901e-01
1.089699927606925245e-01
2.607459821390046839e-01
4.073376139018240472e-01
2.490657120047415907e-01
1.148709840412476813e-01
1.184348931956236139e-01
1.165425126343325318e-01
1.744695674929395146e-01
1.352800714253623027e-01
1.812995713311030266e-01
2.103780079750363075e-01
2.803273163887393671e-01
4.135796389867319456e-01
2.888191617701639236e-01
3.078991559042063009e-01
2.794805385148763088e-01
2.127401515193703962e-01
1.335706282126745692e-01
3.866873097106293122e-01
1.166065113090963556e-01
2.551957237718492366e-01
3.199715536861489351e-01
2.350137028755960589e-01
2.044501652756409715e-01
2.204544854811681109e-01
5.272489128620163612e-01
1.012576011315683144e-01
3.003974420562904313e-01
2.820867609753721084e-01
3.653823124002161804e-01
2.651724856154599186e-01
1.383650429243850344e-01
2.046511023728557199e-01
9.248129105342850487e-02
2.574810487929751202e-01
2.954834267549766857e-01
3.286654894266987648e-01
1.993511189791388472e-01
2.639725431538696432e-01
1.261937914557806628e-01
3.740885212030992668e-01
1.633358956914683913e-01
2.448873806752895621e-01
3.488256874480972769e-01
2.146150395641349407e-01
2.831607861278224170e-01
1.413492562560088595e-01
1.672453761279720230e-01
1.121839213541310359e-01
8.753859062156339743e-02
2.823270264898363191e-01
1.656569492640329044e-01
8.853169611910605141e-02
3.312085445749470836e-01
1.006726058846719868e-01
1.238460431391010946e-01
1.719859431461587818e-01
9.893541457101079351e-02
1.327162704764565659e-01
2.626478305725561402e-01
8.254903785663908478e-02
1.324845435727219911e-01
1.115807476019288896e-01
2.869136233642258782e-01
2.465003053276476064e-01
1.887728359306382886e-01
3.051471759663649808e-01
1.555443128526639573e-01
2.931727795377409018e-01
8.365884044214211279e-02
9.271823095417101868e-02
2.827979344483338986e-01
2.044819777591443122e-01
4.325228946898240223e-01
2.689406633467071872e-01
2.362333378294768083e-01
1.205858115685240622e-01
2.212435665038076649e-01
9.344477527986888576e-02
1.889706414771440690e-01
2.686193133971032654e-01
2.168205145017951807e-01
3.406985173047140658e-01
1.351843059664890878e-01
2.521736354704544603e-01
2.756874149192662382e-01
2.007436042109953522e-01
8.872781680019455053e-02
2.631337457607196839e-01
2.526032749182449688e-01
1.128179899064107317e-01
1.560116135976521434e-01
2.661583000739988769e-01
7.380836592922611350e-02
4.339909064340702338e-01
2.566202589627677444e-01
1.287637393711798806e-01
2.608901728181617918e-01
2.802068134402985744e-01
3.974074716681871844e-01
2.459559319632455276e-01
1.085236412216007973e-01
2.525149465956086914e-01
1.061912017070872627e-01
1.292120269768121665e-01
1.425479387828285927e-01
2.465771515282559612e-01
2.377649457639678110e-01
2.100732369443744640e-01
4.864054811993124838e-01
7.227847710489945787e-02
3.552312564885293789e-01
2.095569236401708946e-01
2.160094017424248891e-01
1.144184649807316184e-01
2.655953169394637547e-01
2.251227504140083935e-01
7.909621950943615531e-02
1.898232520025941450e-01
1.648986636707490683e-01
2.419126719675148418e-01
8.683545573622462876e-02
3.069545329842335302e-01
9.468543764425675635e-02
1.490183109024755259e-01
2.869056118804104716e-01
4.123107478919657565e-01
3.841520565117582664e-01
1.724712318282428380e-01
1.122782901285064305e-01
3.382657545786812991e-01
1.080420364780744352e-01
9.283310692457696911e-02
2.690509070972931793e-01
9.344321715790164518e-02
2.690223613727699692e-01
1.098024209825545078e-01
3.559520042322640854e-01
2.709610990134884712e-01
1.180030189757077103e-01
1.560057997366856575e-01
3.033835616035907568e-01
1.361548374168024544e-01
1.683760043499483161e-01
1.310224746562131948e-01
2.456369870918196363e-01
2.536759038454375892e-01
1.010110873088989336e-01
4.855798549644688156e-01
6.885833493887288936e-02
1.874703227486945734e-01
2.171573975665217204e-01
2.057316184345363286e-01
1.179716428733984107e-01
1.716012060569105935e-01
2.383704220211201041e-01
2.933399439429127953e-01
2.534915675263359480e-01
2.426844808093920336e-01
2.708839592110455219e-01
2.068279619794024249e-01
2.337317661197160223e-01
3.971088543231586776e-01
8.117092178926410551e-02
6.022141395330780217e-02
7.052193048123706065e-02
1.798720506900432226e-01
1.785612769832312097e-01
9.521529043574908369e-02
2.632350564787965252e-01
7.625193580042427532e-02
1.362672078717639956e-01
5.894084396222229461e-02
3.381618324899215433e-01
1.041414139554835000e-01
1.734834757140258088e-01
2.280586291788061493e-01
8.693632233192370717e-02
1.330610516586643033e-01
2.353456748950941146e-01
1.900200134451719147e-01
6.576319310822595354e-02
2.318815292199656874e-01
3.766118939950579558e-01
1.051474682488295481e-01
1.718935815158830482e-01
1.945268836918464250e-01
1.837565811559595530e-01
1.445499836717796804e-01
7.775275380048475571e-02
1.677480530337600584e-01
6.695143995561089745e-02
7.564414965526936041e-02
1.049249994481145642e-01
5.407759172891822563e-02
1.258168179092188366e-01
5.415523712564857678e-02
2.427496501252575378e-01
2.146386013172910390e-01
1.716901354733373630e-01
7.875912969061013569e-02
2.108058891702472570e-01
1.829869675308042620e-01
2.390713133355077402e-01
1.725177164778120553e-01
2.022464311059103959e-01
2.539816348501838794e-01
2.692663342693924489e-01
8.682745751146155044e-02
2.153365922860280279e-01
1.895220106393609161e-01
1.007969684850122116e-01
2.548802535964393989e-01
1.884777137479701214e-01
2.132568400812982767e-01
2.143696112038016577e-01
6.816508335044987876e-02
3.211587442666073433e-01
1.501072120086591466e-01
1.521386806244876266e-01
1.766944331850741623e-01
5.329873195262428004e-02
2.521582332779980784e-01
1.266296267579825885e-01
2.541768479066736641e-01
6.430959580085536531e-02
5.226508096905208012e-02
5.275873586521774572e-02
1.057554651044724653e-01
2.571862049077273671e-01
1.156900305463085116e-01
1.520954055300683394e-01
1.715540924953349866e-01
1.736388156067927846e-01
2.082868277129651391e-01
1.945715043318047566e-01
2.546732828346170985e-01
1.397728231407571187e-01
2.392512891541416775e-01
2.155649135394019922e-01
1.489043389990181987e-01
3.263607007743841715e-01
2.553246124772353687e-01
6.550855609440567329e-02
1.089684082267797643e-01
1.910778347695346324e-01
9.985534691060114765e-02
5.120057496255345925e-02
1.423113791873673872e-01
5.303788245327439865e-02
1.238547223000392716e-01
8.037400927121110539e-02
1.150172579538662893e-01
5.048924387467878389e-02
2.177954603398893074e-01
1.650381732389898659e-01
1.070792707912020802e-01
4.874292125032208406e-02
8.261949117445951951e-02
7.676915180230231561e-02
4.577066388775533762e-02
9.428856947138539168e-02
1.814502468527149359e-01
1.711093434790442458e-01
9.810299600777776241e-02
2.129028595034869742e-01
4.549902161033883563e-02
1.518239539461150034e-01
2.097483958497331491e-01
2.954710494215753713e-01
2.382667772094468339e-01
6.817725632841240002e-02
2.382480210802818688e-01
1.266476988814890514e-01
8.583342148507651370e-02
1.042252886346985152e-01
1.021621488158284269e-01
1.514430656127351282e-01
1.039700763932017852e-01
1.910122286418995119e-01
2.034084343664236960e-01
9.269281417547269031e-02
1.092975942496604985e-01
2.690874081778726334e-01
1.410571785601791583e-01
1.844292065411149151e-01
1.398557810928056644e-01
8.958500092803599324e-02
3.159275408621791681e-01
1.173269287165564778e-01
9.233485226624657538e-02
1.982839981910823890e-01
1.080573588085401021e-01
1.580453919170732302e-01
7.134052886210970335e-02
1.578303656482213380e-01
1.739786262203560918e-01
7.027706594646257465e-02
1.514323556604926235e-01
1.394297126363689965e-01
2.864752191676016024e-01
1.084509195315645769e-01
1.849061401376850822e-01
1.028048910673090843e-01
6.221562350184577095e-02
1.393493844610295129e-01
5.222892977023613215e-02
2.459916581306942351e-01
1.926395795206882477e-01
2.383380285785290653e-01
1.523084720538028236e-01
2.223434101235406968e-01
4.135350908330515801e-02
2.267058961573195641e-01
4.879731361690055336e-02
8.177969910062451997e-02
1.091412721388728968e-01
1.353677892135655980e-01
2.523911718077459510e-01
1.940820865336859435e-01
2.010643259690136353e-01
1.533339940448906480e-01
2.046001076905664129e-01
2.228943233947199565e-01
1.367472380323003223e-01
2.831370909843618500e-01
1.327599617319382974e-01
7.419570037380628091e-02
2.805108654277132518e-01
1.117541693234215955e-01
6.509806212828646299e-02
1.210402664777766590e-01
1.939376252495887409e-01
1.134617692544588191e-01
2.029662821396594763e-01
1.723780702576833412e-01
1.488262964590792992e-01
2.006860259526285772e-01
1.658979987034841230e-01
1.088013282902826062e-01
7.752564674030272551e-02
1.676886793663887876e-01
6.852571336272970937e-02
2.643700415377019941e-01
1.688595856036128606e-01
1.108590926096993529e-01
2.942609877202761459e-01
6.729835039080553361e-02
2.248429090104913930e-01
5.989972288510311133e-02
1.809571389209254089e-01
3.748187131326656263e-01
5.894418193261116712e-02
1.576320815136583453e-01
3.180108616844643521e-01
1.661283541726662760e-01
7.629545884380976861e-02
2.832023400917219602e-01
8.589436802618774514e-02
3.219327779361794706e-01
1.219518834770228904e-01
7.954753049850479818e-02
5.788292025094585180e-02
9.760410613810240055e-02
7.988960573315347091e-02
5.338247607068864059e-02
2.646545381110370632e-01
1.430552199045186934e-01
1.014004740965337992e-01
8.237080651313537227e-02
1.815727333115707276e-01
2.309176394085421247e-01
1.098409350994698497e-01
5.599370137813298315e-02
2.161191258834814499e-01
1.437459462666570986e-01
1.118504719298509670e-01
1.503336958282092961e-01
3.044575623091523853e-01
6.132403074209368671e-02
7.460508358904388571e-02
4.418138165089322694e-02
5.242392193448844329e-02
1.611602178677285502e-01
1.982101823253690498e-01
2.020216951427354912e-01
4.268568268130318311e-02
1.761921193935239160e-01
2.240514943416883065e-01
6.316468105159731006e-02
1.660865851749978028e-01
1.423627175485730756e-01
2.654401973106816359e-01
2.163864322236049020e-01
1.810851822303831404e-01
1.838023669225853640e-01
9.278102338404467520e-02
3.874531976989046417e-02
9.054689323467114692e-02
1.258575042450168768e-01
4.521472059040899244e-02
4.857634845056021250e-02
1.325598619520439170e-01
1.613438230136400586e-01
1.900501019226144839e-01
1.684654175360920381e-01
3.596114801246851900e-01
2.622187155558666216e-01
1.977617555566427709e-01
1.572591603006977812e-01
6.349934812333254963e-02
9.721988736603312531e-02
1.516920309468525463e-01
1.698919505113261064e-01
1.387114763191646949e-01
1.450546523139810973e-01
1.618181019378198693e-01
1.592560936262294724e-01
1.698701652209733681e-01
2.306352578133722686e-01
1.068817462510027044e-01
1.376753505520283971e-01
7.542709206663347765e-02
1.007506479933761162e-01
1.963834582313733756e-01
1.726038223990015719e-01
1.955253267815574014e-01
6.643451484619879166e-02
2.318545609004260544e-01
2.622342633329628470e-01
1.357975850045987365e-01
4.547590211582457076e-02
1.781066233780157770e-01
5.608336045526152169e-02
1.967874604771300551e-01
3.073596423388935683e-01
2.155945367321844552e-01
1.656557085326740286e-01
2.380151812614515749e-01
1.355993786477848739e-01
1.117717246533031228e-01
8.356155961356070971e-02
1.429759539512687472e-01
1.712940799207502973e-01
1.848399573522297168e-01
1.585192852755960835e-01
1.401107218785969943e-01
4.286589088883249743e-02
1.624956205893294814e-01
1.320578503794779812e-01
4.904596509299731510e-02
2.557648146731128502e-01
9.710690482574141358e-02
1.265647790071298684e-01
2.156980993840180993e-01
7.288888921062555704e-02
1.094196623212841529e-01
8.659733439311910475e-02
8.508988891352567419e-02
9.686680643664294377e-02
1.740394807627177187e-01
3.304171262847047791e-02
7.652103782448246849e-02
6.174924666442593163e-02
2.109632707258258522e-01
1.160294185773342035e-01
1.519335516371630723e-01
3.223465056706706355e-02
3.188904922975600159e-02
1.121139844129241947e-01
3.268663278650294629e-02
2.053082714655083407e-01
7.022306045539940256e-02
2.099056780152575297e-01
9.296723510042188832e-02
9.182266846369048496e-02
2.037061432528071703e-01
4.788313758712193363e-02
1.837398806968551512e-01
4.393869887461335916e-02
1.477297137062019983e-01
1.118629634402978773e-01
3.176543026378621515e-01
7.317705839265964407e-02
2.216278602649411900e-01
3.670550089964895457e-02
3.354903810226152194e-02
1.150262340318436022e-01
3.542564448174478908e-02
3.366457010334054228e-02
1.214229439130736221e-01
3.654424250929410450e-02
1.134534924184124743e-01
1.757056247334337629e-01
2.126846077357469333e-01
1.282077266152486239e-01
1.306188464587634268e-01
1.299339385361258647e-01
2.024680992665864321e-01
1.339517208652210301e-01
2.454696787342196818e-01
1.649568115230290732e-01
1.504557928436383585e-01
3.588509668269852793e-02
7.458643011325884198e-02
3.958290437062136208e-02
1.624667259636729255e-01
7.818014295185385376e-02
6.296071752915034792e-02
1.885688974380018701e-01
3.276876365602187507e-02
1.752185832435175228e-01
2.180188904203239075e-01
1.324211294229304392e-01
8.032021197601892093e-02
1.547760964665844952e-01
1.529737510741984163e-01
1.184737722769867024e-01
3.638979515639331058e-02
4.385602553505106582e-02
1.346499560485511504e-01
7.842867677694737027e-02
7.026394301715294111e-02
1.444682558715439380e-01
1.403333026739675971e-01
1.067854179954068894e-01
1.083470745435745203e-01
1.472725777591861740e-01
1.916304828027729779e-01
6.300046853276626557e-02
1.239276922809246645e-01
7.423500015877647351e-02
1.209780538447845916e-01
1.914889035222394897e-01
4.689103244793677711e-02
5.512732201576367452e-02
3.042839119027511072e-02
3.208930861220154335e-02
1.245261830207456261e-01
2.002086448069843316e-01
1.696871262262159841e-01
1.433904951764892466e-01
5.193587753597295881e-02
6.521318624796661190e-02
7.977417237617169532e-02
7.390019163928580881e-02
5.449956190410757545e-02
1.451270824261196857e-01
1.479066182219367365e-01
4.984465903323902214e-02
2.860253841558639890e-02
9.053049333987854552e-02
1.773422531529325885e-01
1.852679534292856756e-01
3.598750938358239587e-02
5.038414670199257983e-02
1.114624102005952327e-01
1.623432055318544953e-01
1.305603291415108613e-01
3.216201428732651940e-02
1.815345545611793121e-01
1.153249531186729543e-01
1.347246136593150678e-01
2.245975525698390152e-01
1.133985487623964256e-01
1.092794335663671151e-01
1.171007219069556266e-01
1.410620342505395919e-01
1.446955277142593921e-01
1.129520310155275459e-01
8.339601668851251426e-02
3.880805448671312968e-02
2.497209341655472203e-01
1.129784261247295807e-01
3.949557900005806754e-02
1.310735199847917754e-01
1.100622378851112970e-01
1.222503893132522029e-01
6.698711720434924466e-02
7.816940825939881765e-02
7.044614148229552675e-02
1.556135917162849158e-01
4.909928416656559463e-02
8.347850150296945437e-02
3.739647264085562556e-02
2.840742062941524829e-02
1.071117950942300778e-01
2.864708795629588439e-02
5.642045431349751450e-02
1.271250556203456228e-01
5.310410915273583443e-02
1.328079437020111275e-01
1.772601480452550005e-01
1.606925197403558936e-01
1.453425979087266950e-01
1.538899259414701626e-01
7.407039292201682279e-02
1.058451730189762241e-01
2.331706720955839807e-01
4.304322788714638748e-02
3.928950137231889544e-02
8.657475545828373364e-02
1.209454655668635165e-01
1.830820669989348948e-01
1.585290856913685875e-01
1.336911035965107353e-01
1.336574426203379629e-01
7.883744258231048518e-02
3.141898178065793273e-02
7.305801394538169458e-02
1.122371167456188840e-01
9.752208664672612493e-02
2.955007829499677052e-02
1.481952594504999110e-01
1.555515205895929565e-01
7.910313175375160988e-02
1.398592036325809196e-01
1.393122287359526701e-01
2.671403909349042913e-02
7.158999730016238350e-02
8.297023892999316752e-02
2.681248879268592275e-02
2.618800136359775502e-02
4.695390034374326976e-02
4.961973432473854723e-02
8.543199189945803462e-02
4.289038888544958322e-02
5.663118319943189621e-02
7.038102992675113190e-02
1.651866213203798672e-01
1.324167436141874821e-01
9.379419899179214370e-02
1.711526121738429218e-01
5.650134167687235337e-02
1.509190751401255637e-01
5.088009999710172565e-02
2.936300408335376644e-02
3.819376011828842093e-02
1.840558064324498422e-01
8.985212425662895963e-02
1.562636765249132698e-01
1.243597479674569545e-01
1.781524037346625955e-01
1.094504669570211669e-01
1.342047852664466356e-01
1.402980958593381400e-01
5.425751767971036255e-02
4.493237226887362989e-02
5.386542121944610378e-02
1.161212611141819451e-01
7.856452829388395342e-02
1.453819696849009968e-01
5.692954493025115248e-02
8.182510008243648603e-02
1.736065439254818876e-01
9.757633935601076058e-02
7.911346706975054544e-02
9.501466415839665558e-02
1.537050458522757346e-01
1.515189474424595562e-01
1.524136918122536988e-01
2.671655715391145838e-02
1.156099150586212404e-01
1.537874220317058671e-01
3.524636994873207169e-02
2.131039199277028617e-01
2.523027838547399829e-02
1.812024285034271875e-01
8.175233637711623591e-02
2.514450958549810378e-02
1.093874659079554224e-01
3.479713891473707604e-02
1.953597277719147096e-01
1.259854020666499597e-01
9.912740873160463817e-02
4.558471974899887258e-02
2.235607616426278366e-01
1.488037014779252099e-01
1.236928093124601141e-01
1.876915952976767887e-01
6.800244448208168924e-02
9.839186797689999930e-02
2.961635293428062018e-02
9.188867664436560501e-02
1.206724666215322761e-01
4.829494345404188038e-02
2.506394920020817499e-02
2.052668363227877490e-01
1.360173446487798754e-01
5.364611771957532999e-02
5.957999139124355720e-02
6.157854327123006566e-02
1.501183622094267311e-01
2.576669796155383815e-02
1.286365255100747063e-01
6.687851598257021912e-02
1.363439155126921487e-01
9.806989544863443931e-02
5.745406762484638746e-02
7.501762553790240762e-02
3.410913270230254285e-02
2.772158478885835414e-02
1.946255632344307540e-01
1.241875657032190383e-01
7.010881280764169610e-02
8.684046711101232885e-02
1.456026456828463378e-01
1.137361171975970198e-01
4.054019363728075115e-02
4.836023035426981892e-02
1.387317098572171392e-01
4.862073990380848254e-02
1.451107308126322604e-01
1.109668377833240710e-01
1.999591587776546608e-01
2.388954256932187756e-02
6.484226003712303954e-02
2.693910686256970055e-02
1.021533607973270918e-01
1.204491252404142204e-01
1.435548235613682555e-01
6.572638492149755762e-02
1.336263465891474600e-01
9.781678048108027879e-02
1.187608169592397067e-01
4.763540869353467822e-02
1.262097672429601525e-01
1.293497399446685570e-01
7.235822110695566689e-02
2.966157460330452397e-02
1.293736615422091951e-01
5.390705983189818945e-02
5.383224628505576398e-02
4.111744502635616277e-02
2.573389760019777553e-02
1.463155448552798943e-01
1.172411117934488017e-01
5.217809087265613127e-02
1.757670279911560107e-01
2.398070804500082240e-02
1.454439753972297800e-01
1.428454966976573370e-01
1.278331272015184594e-01
1.076897100465579737e-01
6.561898774095867304e-02
6.021981873799540225e-02
2.300476526754671389e-02
1.353908672599197227e-01
7.399151708653611825e-02
1.164860579526019041e-01
9.958523480292451324e-02
1.420413465325602587e-01
3.526724947677104677e-02
5.312158746110798996e-02
1.275136787770027313e-01
1.696217070549516370e-01
9.067157774942939674e-02
1.974913375492239054e-01
1.013426745696608677e-01
1.729000799692887447e-01
2.811993019573268415e-01
1.174217565035877292e-01
1.475658519969528792e-01
3.117160657996310980e-02
4.949669831863012792e-02
1.606252423963270559e-01
1.105015253299829886e-01
1.629909295429119720e-01
1.465447638166744448e-01
5.140753338389209698e-02
1.250051282919203977e-01
3.075893091061254053e-02
5.424137276821695136e-02
2.172877312071773981e-01
1.483069038831828224e-01
1.608180351606476322e-01
2.374396178653389103e-02
3.181062358600365847e-02
4.505065060935999760e-02
4.675899035681483490e-02
1.037530076456766731e-01
1.727515942100190105e-01
2.348376493699762257e-02
8.346882471350500210e-02
6.955975205173739462e-02
6.968960352118779011e-02
5.334376173340011490e-02
3.691303957757138127e-02
1.451518680681016804e-01
7.825285681385907299e-02
5.657930519449376472e-02
1.232501078483566465e-01
2.456080447632858280e-02
9.908599841343941617e-02
1.205309995174598942e-01
1.671101353779637921e-01
7.597802873636508303e-02
1.176942034438488438e-01
6.799600871767899624e-02
1.065653641928913653e-01
9.960900061969650554e-02
5.364137353918242007e-02
5.638354493654144928e-02
1.134826662748759513e-01
2.185614221200249049e-02
2.931568391429204001e-02
1.497361843619933186e-01
1.123295571050442615e-01
2.184684889118086726e-02
8.036838697404981302e-02
1.093194676905758916e-01
9.464805067435604069e-02
3.881785837710251263e-02
1.728219443938680266e-01
9.425666973853029373e-02
3.145066511208564203e-02
1.095007270932569499e-01
1.616469369651544474e-01
3.226509499214513799e-02
1.870262002553877700e-01
5.266611152529766804e-02
5.791529780359927493e-02
1.225377162984118418e-01
1.352257733490520308e-01
5.392000839086237562e-02
1.097774014871829157e-01
1.249486388213505578e-01
1.355886605529245115e-01
2.023050491207770973e-01
1.213651134389855529e-01
3.761907509375903708e-02
1.751505188285832626e-01
6.395880194210387670e-02
