1.046168554684750139e-02
9.775142534659249718e-03
9.141209005648992525e-03
8.539541425463727936e-03
8.130412496492305657e-03
7.762872213451459287e-03
7.389399365514129868e-03
7.125716538914241178e-03
6.794673276642525066e-03
6.517488568414082396e-03
6.232254597651785272e-03
5.990592923537037089e-03
5.821343758408764266e-03
5.618532189731247940e-03
5.483912690180842674e-03
5.348530427839953347e-03
5.227952115684690246e-03
5.075203817504541845e-03
4.992419908735829318e-03
4.833922860325628491e-03
4.758615766076453035e-03
4.629814716560862187e-03
4.526786281697564238e-03
4.454926057716038224e-03
4.388527971347058049e-03
4.301336454193526761e-03
4.224190636616615389e-03
4.115445975791180190e-03
4.041692106635947843e-03
3.998363975568361775e-03
3.916499935605521378e-03
3.865680458152031315e-03
3.806211363642433322e-03
3.722759375035114473e-03
3.671990582954216559e-03
3.603840077459592641e-03
3.564983852800917858e-03
3.514997002630926033e-03
3.483104543734589359e-03
3.440964055219324254e-03
3.400782766624746087e-03
3.358417444746242698e-03
3.319789489639207291e-03
3.286623191512831003e-03
3.258962057278184596e-03
3.215828827098084902e-03
3.190490104897196217e-03
3.149669331973645094e-03
3.114260589915802610e-03
3.090781580752050960e-03
3.065753752899422549e-03
3.033085547912899547e-03
3.004839728094508763e-03
2.976515413519769532e-03
2.959129057142131751e-03
2.929852488740178253e-03
2.899730072154742787e-03
2.883982232857687771e-03
2.866530018803183782e-03
2.842588090632123827e-03
2.819921170701467257e-03
2.798284529976396810e-03
2.781780721276776343e-03
2.767190775150946570e-03
2.756844396169825292e-03
2.738373935815719730e-03
2.724989543878477555e-03
2.708498136004201112e-03
2.691421074184300460e-03
2.684151520618770388e-03
2.670381662518984001e-03
2.650781815521081278e-03
2.633040109214687761e-03
2.620969685186814307e-03
2.604126235368620004e-03
2.595729439600080041e-03
2.579918450446135741e-03
2.570515020658937014e-03
2.552168689759426283e-03
2.530720985619147687e-03
2.525234991868256264e-03
2.516837149088945250e-03
2.511744052290287767e-03
2.504727437282815855e-03
2.494357495319121654e-03
2.489215909694429945e-03
2.477643761901917284e-03
2.471632366510322608e-03
2.464154182071885430e-03
2.460838039898987674e-03
2.452670623868824767e-03
2.437780287492500794e-03
2.430267520807269117e-03
2.414502524392099416e-03
2.395598592445079191e-03
2.392140208109862307e-03
2.387671276724727832e-03
2.378931723362110156e-03
2.375683827356741239e-03
2.366621566777174848e-03
2.367360437974688845e-03
2.358520412699571800e-03
2.347241107451308612e-03
2.335683884996993514e-03
2.335739012131478418e-03
2.329684303029416065e-03
2.319082556948082359e-03
2.321358771929024536e-03
2.315267505433176408e-03
2.305841382840358687e-03
2.300344987634339502e-03
2.283670973207114086e-03
2.268070008115732547e-03
2.266708656798862350e-03
2.265863011215581320e-03
2.258479754212738139e-03
2.248329369941722087e-03
2.244982202102923773e-03
2.231384433966956005e-03
2.226043705635900871e-03
2.226273384303792315e-03
2.214226633661006607e-03
2.210160169296761581e-03
2.202249452585549206e-03
2.194846770767437585e-03
2.195854085059131735e-03
2.183029240692452039e-03
2.183572748337869046e-03
2.181685564908475081e-03
2.178824374343944076e-03
2.173861222186514001e-03
2.166359680108682559e-03
2.159290542507482855e-03
2.155687172873727367e-03
2.154442541497320410e-03
2.153950105092584336e-03
2.149261295971516793e-03
2.140946346765013313e-03
2.132059856088571077e-03
2.132735548873427797e-03
2.125625291392769633e-03
2.124065908069390149e-03
2.118875841598793358e-03
2.116964793799191134e-03
2.110629672855491960e-03
2.101338945489729382e-03
2.101212893996561547e-03
2.094035223277019436e-03
2.095445909071495198e-03
2.089077479440152024e-03
2.088562365853854994e-03
2.087097520317185602e-03
2.082426042358896407e-03
2.076326046269212720e-03
2.066606516469841632e-03
2.065127090446036012e-03
2.061080632395525560e-03
2.053093444288854163e-03
2.051241715412561312e-03
2.052822465584044995e-03
2.053062230995072058e-03
2.053071756247925889e-03
2.050036211480949812e-03
2.044328076732989958e-03
2.043099482610406543e-03
2.043255486870581509e-03
2.032673740151549457e-03
2.029458824090507249e-03
2.029814921807124133e-03
2.032617845812764029e-03
2.026086706506437414e-03
2.023704926726186976e-03
2.019896537252710393e-03
2.017680356571902207e-03
2.016845225706226461e-03
2.012626805107892245e-03
2.007499091345615796e-03
2.007382638079272408e-03
2.000685621037473928e-03
2.003836167363557200e-03
1.997014365160377277e-03
1.998572391947437722e-03
1.999843102249665612e-03
2.000042811606394990e-03
1.996003899163181078e-03
1.987676554948513644e-03
1.986013218937308835e-03
1.979934223759249445e-03
1.981862955123806468e-03
1.976183210288719010e-03
1.971073740580789671e-03
1.971460121126407481e-03
1.961600729407608941e-03
1.958717550503057212e-03
1.960271838598625846e-03
1.954168821046223681e-03
1.956666748101809801e-03
1.950871617873461668e-03
1.949993722401839429e-03
1.950273483450817771e-03
1.948097513552548340e-03
1.942489278088781971e-03
1.936421365201313003e-03
1.938535600301069615e-03
1.938787285026327386e-03
1.933233691960402735e-03
1.929909345748116603e-03
1.922988000104488508e-03
1.919115810865806675e-03
1.919940856844652710e-03
1.922297463799805530e-03
1.922908007554239218e-03
1.917276373982321116e-03
1.916757301418702767e-03
1.912881484420794666e-03
1.909980092933590435e-03
1.908249413904956632e-03
1.902847681644514099e-03
1.902758548930427208e-03
1.901181768622448509e-03
1.895224482010046283e-03
1.892682609079011317e-03
1.889713807114209781e-03
1.889723297689286687e-03
1.887250614361664445e-03
1.884191210057575621e-03
1.885436951304269833e-03
1.883560127464200921e-03
1.880516083483838160e-03
1.877848600356446952e-03
1.879396253912424481e-03
1.880589091315371065e-03
1.881080193101098081e-03
1.883188669792378077e-03
1.883264920152278969e-03
1.877916967230792945e-03
1.876623980082384614e-03
1.875618247510399449e-03
1.877469452194240702e-03
1.873391813264583790e-03
1.866363620831609218e-03
1.867932102352551013e-03
1.869214445324688268e-03
1.868859957751751229e-03
1.869993776786816643e-03
1.867756993508639437e-03
1.868493758177443937e-03
1.863595883682495026e-03
1.859520894844469713e-03
1.853826012918205826e-03
1.850980976107913364e-03
1.852446997441925926e-03
1.847724756001738883e-03
1.848551891400015577e-03
1.847722326824875532e-03
1.843208020370816621e-03
1.844695836074822801e-03
1.844354659897236336e-03
1.841281806203633751e-03
1.842993554020798874e-03
1.841802322577159668e-03
1.835175538144431448e-03
1.830918916658533973e-03
1.828337268435601412e-03
1.829900088292901175e-03
1.831750961353536319e-03
1.825751157498737816e-03
1.827147346900446405e-03
1.826838648760784794e-03
1.828437178284248723e-03
1.826203517799387770e-03
1.826251133704190170e-03
1.826506696932106953e-03
1.828099533684856637e-03
1.824063892372227661e-03
1.825191546711836055e-03
1.818032502905222699e-03
1.816542962409472411e-03
1.811211572409032354e-03
1.812282854200505163e-03
1.808721255605485675e-03
1.806502503038260330e-03
1.808183542621818237e-03
1.809476204306904260e-03
1.807830893832765903e-03
1.808738126742874715e-03
1.805851124741007481e-03
1.802030737376396526e-03
1.800271089302600460e-03
1.802518167580289838e-03
1.802192152678972750e-03
1.799559594473203357e-03
1.801625967711846694e-03
1.795766624792999745e-03
1.799035243314474732e-03
1.796115897460319206e-03
1.796108648298953402e-03
1.798815829804094411e-03
1.796750306683875080e-03
1.794914363538400006e-03
1.796887861403576774e-03
1.795048789824616343e-03
1.790922951064445861e-03
1.790925216685043024e-03
1.785875272922220550e-03
1.787769954535703117e-03
1.787912795283144035e-03
1.788553567156211986e-03
1.791055607774991740e-03
1.788654969508336875e-03
1.789493079437682850e-03
1.787162642600629301e-03
1.783400231087492981e-03
1.779626767200135316e-03
1.779573774056572751e-03
1.773175047156519456e-03
1.771879921171516745e-03
1.769012622434613762e-03
1.770316454411871056e-03
1.771517396072971309e-03
1.769480226224451206e-03
1.766829494935343720e-03
1.763470842728685067e-03
1.759547181030375130e-03
1.756127964534462838e-03
1.757585004624075088e-03
1.753999455799442253e-03
1.751132088908748932e-03
1.752465231923644277e-03
1.747703062043569474e-03
1.746300248544814830e-03
1.745282872064261208e-03
1.744815170383607218e-03
1.745580370213150332e-03
1.746356265077732674e-03
1.746256648205666076e-03
1.742866770342858980e-03
1.741541063865671528e-03
1.741904187925292580e-03
1.740931729001343048e-03
1.736856398971028687e-03
1.736861207454425951e-03
1.737601570638203866e-03
1.734689085752245128e-03
1.734519730716246747e-03
1.734854398642258827e-03
1.731913997732543791e-03
1.732796937221166549e-03
1.731684910404330527e-03
1.733002672945237709e-03
1.728665106311937875e-03
1.727071016207265075e-03
1.727813871836274100e-03
1.728793504802805846e-03
1.726391954365954617e-03
1.726845587199936317e-03
1.725587717747839025e-03
1.723373121653249372e-03
1.722265588376461001e-03
1.721052630764743647e-03
1.721129317578925025e-03
1.720480763023852361e-03
1.720786296056755907e-03
1.720165792586423421e-03
1.721621474722299450e-03
1.718936110841256864e-03
1.719702300822982879e-03
1.718460254767533238e-03
1.715866893428988479e-03
1.716738517392520308e-03
1.718187453718532072e-03
1.715958744620012201e-03
1.713499902527167639e-03
1.715074033205640086e-03
1.711930936677806027e-03
1.710630132129466099e-03
1.711786986674501731e-03
1.712792722920540361e-03
1.712931330746388396e-03
1.714564277693482160e-03
1.712193851262723597e-03
1.713480984854362206e-03
1.710897874076256755e-03
1.709835281071338123e-03
1.706223329237323153e-03
1.706828865191282411e-03
1.707483219829928440e-03
1.708366735440215896e-03
1.707565088412789974e-03
1.709187265652018861e-03
1.707465120883387092e-03
1.709132073571021596e-03
1.708130293027349108e-03
1.707677790112754196e-03
1.707245113701475782e-03
1.705744029696857744e-03
1.702765049108974013e-03
1.701206160343439293e-03
1.701901592659145739e-03
1.699807758720415281e-03
1.700683622086246807e-03
1.698235497527669649e-03
1.695921231994426247e-03
1.697554141094310270e-03
1.695768772520726050e-03
1.697239119279187565e-03
1.698543517817625208e-03
1.696670538692266307e-03
1.693112394442723798e-03
1.694671605078112856e-03
1.693702398002348798e-03
1.694026022607975990e-03
1.691802556832511803e-03
1.690464771645780072e-03
1.690084891645580187e-03
1.690684214671298122e-03
1.689908809633204828e-03
1.690364480525724435e-03
1.690408153759734343e-03
1.688908740054148854e-03
1.688545796643271162e-03
1.686135089550959160e-03
1.684207646503209322e-03
1.684505308914109123e-03
1.684110704443700585e-03
1.682993290336231001e-03
1.682995932310056043e-03
1.682466275676270306e-03
1.682642165277467312e-03
1.680543524188071259e-03
1.678628303519417867e-03
1.678852673269445612e-03
1.680068918897344773e-03
1.679606634666874982e-03
1.677851507373187686e-03
1.675564108461647913e-03
1.677457160691679400e-03
1.674952258233840512e-03
1.674026438529356607e-03
1.675446603423415542e-03
1.675951636837668714e-03
1.674845869894630180e-03
1.673552412143209560e-03
1.672285603349597631e-03
1.672992724980041160e-03
1.671727112152168434e-03
1.672798010871316731e-03
1.673965167885141251e-03
1.672787010227768734e-03
1.671475308280866504e-03
1.673243171106249434e-03
1.671620397543152441e-03
1.669595457145614829e-03
1.670225004579956214e-03
1.669095677339174546e-03
1.665950826935434217e-03
1.666363383228765260e-03
1.665240923350774869e-03
1.666372302419523617e-03
1.666719889235762815e-03
1.667545805825138049e-03
1.667571545579348913e-03
1.665831116012345776e-03
1.663957797131201304e-03
1.663054644333224110e-03
1.661426003840482755e-03
1.659900938943478050e-03
1.657166873990480963e-03
1.657523833973009513e-03
1.658497934310130661e-03
1.658805764734579222e-03
1.658000470630478567e-03
1.656509620316093433e-03
1.655838769693350910e-03
1.657254858168093377e-03
1.655289961425222313e-03
1.656693332788784258e-03
1.657445149078837611e-03
1.655224735665422305e-03
1.654837988721616446e-03
1.652605982087198807e-03
1.652402778988189790e-03
1.651432842751783927e-03
1.651796059378038157e-03
1.652413636143173440e-03
1.649991918952216146e-03
1.651053974194815945e-03
1.652198598396054183e-03
1.650643713963873297e-03
1.651810027648847922e-03
1.653106028532644886e-03
1.653736672664410335e-03
1.655660131487738003e-03
1.654228333190341195e-03
1.653319185918536525e-03
1.650670484198203582e-03
1.651116379621276687e-03
1.650317250889731403e-03
1.650864651295876106e-03
1.651962409844912223e-03
1.650714645910000356e-03
1.648721094995083975e-03
1.649648464325528417e-03
1.648067994264276618e-03
1.649227694708420419e-03
1.647558619898563175e-03
1.647994384499253465e-03
1.648148268215680673e-03
1.649060736188019769e-03
1.648228690996309713e-03
1.649989101739197288e-03
1.648257952435996584e-03
1.648735144295887002e-03
1.645908986517924605e-03
1.645101422169137264e-03
1.642953407555419482e-03
1.642952036662580998e-03
1.643965374940232343e-03
1.640596469013693576e-03
1.639897656079058888e-03
1.640711442186406407e-03
1.642787878643248156e-03
1.643692471101775845e-03
1.643865322773064783e-03
1.641215600561080805e-03
1.641466813041695663e-03
1.638489064460236112e-03
1.639017501477024828e-03
1.639236761992717267e-03
1.639236164276381639e-03
1.639582659569585469e-03
1.639792687771903608e-03
1.639150027964550622e-03
1.636701606831773154e-03
1.637410639880017629e-03
1.637825369800487846e-03
1.636920989987790788e-03
1.635191664222621598e-03
1.636562428382759213e-03
1.637037283437649260e-03
1.637046145450326770e-03
1.638388231455201530e-03
1.636945765233886567e-03
1.637453065396401704e-03
1.638265140475351263e-03
1.635439691443482798e-03
1.635499426745509050e-03
1.635680973418023954e-03
1.635160057545447009e-03
1.635142820940500060e-03
1.633562751582470166e-03
1.634706181894246286e-03
1.635981790715700709e-03
1.635845977542947334e-03
1.636836359202744609e-03
1.634696703194682974e-03
1.634791314114394673e-03
1.635762967398211908e-03
1.634338691671868371e-03
1.631882511335008487e-03
1.633216440964950370e-03
1.631514884409350800e-03
1.632596063582051563e-03
1.632955176425446688e-03
1.632526729269578782e-03
1.632879596405439199e-03
1.633541824201996222e-03
1.633010825049203713e-03
1.632445482293998955e-03
1.633137984540203053e-03
1.631559700339914190e-03
1.629778448093355736e-03
1.628209485518707957e-03
1.625093860244752582e-03
1.622778767699041341e-03
1.623867451367924783e-03
1.622385508303963433e-03
1.621698611406146608e-03
1.620729905002358216e-03
1.621522043451020583e-03
1.619978057629813247e-03
1.620674672341724512e-03
1.621410939858395532e-03
1.619915089479900252e-03
1.620777719392072066e-03
1.619224469468162316e-03
1.617204791666802767e-03
1.617644859201214196e-03
1.616394603369301301e-03
1.615632589574491533e-03
1.614662769502398865e-03
1.615758528986489069e-03
1.614210546055790466e-03
1.615269992594905914e-03
1.615414036672142015e-03
1.613420037915184188e-03
1.611230226007077590e-03
1.611872549076117126e-03
1.611391602553451140e-03
1.609852979094197802e-03
1.609890659806985629e-03
1.610919175768320407e-03
1.608418412475890596e-03
1.606621239861624187e-03
1.605223779293186211e-03
1.606531153361415816e-03
1.607150904989390183e-03
1.607623148095429447e-03
1.607896653870502382e-03
1.608583523167008865e-03
1.609488523006606621e-03
1.607923117141663158e-03
1.606559726843211078e-03
1.607245590220335914e-03
1.606794645813105615e-03
1.605433333305408524e-03
1.606043092702033690e-03
1.606039656908038677e-03
1.603964863416160657e-03
1.604324616015963137e-03
1.604895534463621426e-03
1.603147240885874911e-03
1.603330015810867622e-03
1.602341587799181472e-03
1.601555942102391057e-03
1.600776964550381775e-03
1.601146069512539944e-03
1.602000907687009231e-03
1.601701358679019941e-03
1.600976268356020613e-03
1.600386540052171251e-03
1.601519104048982354e-03
1.600512109658845054e-03
1.599266757310194818e-03
1.598990686161527557e-03
1.598733719156154734e-03
1.599184582336056568e-03
1.599001790810051192e-03
1.597356460490393076e-03
1.596701605476928860e-03
1.597782023646412150e-03
1.598136532058595533e-03
1.598480480224167720e-03
1.596855681218713272e-03
1.596381964954561583e-03
1.597309215081768900e-03
1.596869188820815647e-03
1.597580056654338042e-03
1.596615380526889309e-03
1.594185683738639841e-03
1.593517458162650420e-03
1.591800198757428036e-03
1.591444317425929093e-03
1.591297021557209774e-03
1.590353549588107741e-03
1.590014676606096074e-03
1.589873850036964539e-03
1.590389391902066567e-03
1.590288828402187590e-03
1.590766013132264992e-03
1.591600889448260576e-03
1.589966448001846290e-03
1.590563636458526206e-03
1.591140020432636705e-03
1.590093991195307577e-03
1.588569796629144774e-03
1.587504643082965567e-03
1.585672749223280848e-03
1.586420913862916391e-03
1.585263683360570120e-03
1.584927466158718695e-03
1.584297186078523602e-03
1.584237478155959330e-03
1.583021126617722594e-03
1.583228341068988916e-03
1.583349743995611817e-03
1.581950698804241839e-03
1.581662214229905255e-03
1.582444287641429680e-03
1.580871986691835844e-03
1.581436897168709416e-03
1.580774904195514537e-03
1.581488903311409865e-03
1.582187701219191093e-03
1.582655240747632636e-03
1.582579819844004507e-03
1.582578860529552846e-03
1.583171837551130418e-03
1.582505610055456782e-03
1.582683930969908028e-03
1.583349669135538816e-03
1.582243236669174163e-03
1.582681157775196615e-03
1.583128926146718397e-03
1.581989235177468003e-03
1.582904693488249893e-03
1.582357227449333404e-03
1.582940149196071641e-03
1.583149219099560818e-03
1.583675523015138243e-03
1.582264156306823063e-03
1.582297473803674767e-03
1.581808523808649969e-03
1.581551386952128810e-03
1.581267376351215949e-03
1.581816258484521108e-03
1.582807740790173655e-03
1.583647806391226239e-03
1.582529453804605926e-03
1.582607563979635977e-03
1.582790067215399197e-03
1.582121410046205242e-03
1.581488405768284675e-03
1.581004219285236457e-03
1.581687499275422895e-03
1.580538194966678908e-03
1.580606947028151670e-03
1.580435573482275166e-03
1.580789794792027310e-03
1.581654301221474242e-03
1.580259226393972019e-03
1.580212048691910639e-03
1.580288744776462079e-03
1.579413202929865184e-03
1.580156430290953354e-03
1.580805009011847489e-03
1.580721645497608265e-03
1.579344488009032594e-03
1.579866125395331137e-03
1.580470820736289963e-03
1.578798497231480346e-03
1.579296416626223753e-03
1.578444579351800719e-03
1.578982538593812603e-03
1.577887385305275789e-03
1.578595560749024599e-03
1.579102692981098699e-03
1.579397717283933167e-03
1.579046208169193220e-03
1.577254945413480297e-03
1.577752563879609429e-03
1.577402536027661378e-03
1.578038432293287678e-03
1.577181979863858871e-03
1.577730707013786336e-03
1.577175165863446563e-03
1.577456344893705259e-03
1.577681664138731472e-03
1.578413448623075619e-03
1.578502896909793687e-03
1.577811491609356449e-03
1.577800195763975422e-03
1.577679296496117172e-03
1.578169969513713812e-03
1.577942661632208803e-03
1.577457749653096101e-03
1.576457358061237636e-03
1.575996610243659071e-03
1.576598901687316845e-03
1.575292833776515983e-03
1.574092426417074636e-03
1.572992191179972948e-03
1.573700287843743557e-03
1.573956199502147277e-03
1.573139610534499567e-03
1.571441905104804934e-03
1.571481073446265135e-03
1.571139601923563335e-03
1.570472918992604945e-03
1.569575999235063536e-03
1.570483444921790504e-03
1.571207609388415626e-03
1.571824961724609332e-03
1.570850846542826661e-03
1.571149491552689594e-03
1.571089655624274611e-03
1.570520274107608518e-03
1.571024526907918197e-03
1.570263825917532627e-03
1.570183982705102141e-03
1.570906941516786361e-03
1.571661017671435300e-03
1.571961638240741699e-03
1.570943266272421639e-03
1.569914690495281774e-03
1.569722828247413970e-03
1.569962857016272452e-03
1.570270099904438367e-03
1.570075062645628688e-03
1.569903098044003785e-03
1.569506984926244972e-03
1.569092866811729828e-03
1.568441718418436782e-03
1.568500062854122530e-03
1.568642838741795718e-03
1.568076314178626753e-03
1.568861857758104082e-03
1.569496600080467824e-03
1.569891906293040306e-03
1.568658352958374235e-03
1.568191685506494697e-03
1.568904147573945340e-03
1.569026556222642655e-03
1.568959715498619316e-03
1.568980442217449492e-03
1.567669831071677455e-03
1.566992009685795259e-03
1.567693509146182891e-03
1.566777928836969461e-03
1.567662771760437290e-03
1.566852591202660700e-03
1.567530100408449272e-03
1.568206395628827816e-03
1.567768465472747568e-03
1.567850784298157859e-03
1.568002089944340802e-03
1.568554236047752523e-03
1.568852622634848547e-03
1.567781019344651177e-03
1.567950557545418934e-03
1.567310249243288045e-03
1.566055564197736064e-03
1.565341593621832504e-03
1.565632330618771904e-03
1.564918292513638089e-03
1.565651815353202208e-03
1.566402238256835210e-03
1.565321786921252279e-03
1.565239165435200648e-03
1.565798495182962316e-03
1.566581471769610406e-03
1.566281471436437294e-03
1.564806133818919236e-03
1.564639606569087540e-03
1.565504128332844032e-03
1.564890281722024386e-03
1.564777194224101697e-03
1.565303561375964254e-03
1.565315594531478368e-03
1.563944011008453318e-03
1.564514289319730422e-03
1.563782404853465528e-03
1.563867952284254308e-03
1.562320359662998457e-03
1.563042820326518033e-03
1.563611130365069992e-03
1.562299243158702658e-03
1.561780032496576202e-03
1.562205636471921278e-03
1.561967180479709562e-03
1.561277856930455218e-03
1.561820874277216817e-03
1.561438334551913144e-03
1.561338961822796760e-03
1.559892154703706232e-03
1.560533141905070826e-03
1.560693285219353060e-03
1.560219033404032637e-03
1.560409253822384349e-03
1.561173193709393479e-03
1.561096912974901506e-03
1.561696586531955387e-03
1.561966320059410100e-03
1.561019632817873051e-03
1.561446350902766234e-03
1.560997169835488937e-03
1.561282839802538482e-03
1.561007535163675417e-03
1.560793298238780233e-03
1.559459092036595594e-03
1.559999257280752540e-03
1.559461445617565034e-03
1.558825847088734454e-03
1.559548043285504748e-03
1.558741535319077033e-03
1.558814263977748894e-03
1.558429622577571592e-03
1.557467550412069317e-03
1.557583059315854716e-03
1.556585379098353924e-03
1.557080854315538634e-03
1.555729846207261000e-03
1.555582460951337662e-03
1.555109732628250866e-03
1.555062872278861188e-03
1.554355204328213089e-03
1.554878152929267763e-03
1.555556642386404960e-03
1.555790704110033770e-03
1.556424597455748115e-03
1.555735821755085133e-03
1.554920189185066050e-03
1.555025122353447930e-03
1.555613807200053071e-03
1.554725268009060982e-03
1.555003306790080000e-03
1.554996005717245583e-03
1.555565868202640062e-03
1.555727368000125619e-03
1.555893102613411074e-03
1.555572984442413946e-03
1.555517212448308912e-03
1.554536430576877347e-03
1.555059831630548842e-03
1.555219844302574081e-03
1.556109062273288487e-03
1.556028074575068658e-03
1.556743071408328008e-03
1.557477576959351859e-03
1.556584294184964329e-03
1.555842905746213697e-03
1.555351762457848333e-03
1.555560564231684697e-03
1.555427209199454919e-03
1.556036522145538186e-03
1.556335016362373966e-03
1.555532475373511917e-03
1.554834483038754775e-03
1.555502879023552137e-03
1.555227323270432947e-03
1.555380271119369447e-03
1.554504229651317666e-03
1.553385366141783134e-03
1.553788023056320482e-03
1.552462932523295674e-03
1.552888716135817845e-03
1.553754307065297741e-03
1.551869761422687045e-03
1.552389937522139288e-03
1.551441307196888345e-03
1.551454046598448044e-03
1.551593501196333550e-03
1.550525442748966693e-03
1.549778295647191544e-03
1.548697520903032435e-03
1.549350760151489400e-03
1.549496806102820595e-03
1.550060333488521760e-03
1.550067359349402690e-03
1.549673853634290751e-03
1.548263184767161016e-03
1.547292666732822406e-03
1.546221796556689933e-03
1.546158243573513957e-03
1.545922482079995636e-03
1.545590031269033267e-03
1.545249669527749272e-03
1.544565971640584311e-03
1.545373359732794610e-03
1.545220353124063120e-03
1.545525283854529358e-03
1.545046989271043995e-03
1.545296245121851675e-03
1.545451819246313786e-03
1.545513148780168619e-03
1.546200853692930978e-03
1.546517378678346566e-03
1.546691895866117829e-03
1.545893572601678752e-03
1.545724889222852092e-03
1.546163815079811942e-03
1.545383056757283985e-03
1.546153848638068653e-03
1.546454132033168744e-03
1.546992687124479999e-03
1.546508982496516259e-03
1.547004181031240606e-03
1.547445247501223666e-03
1.547619730461274878e-03
1.547807723920212840e-03
1.548336024740877516e-03
1.548248965419364359e-03
1.548259857362393717e-03
1.547300443520594317e-03
1.546573858444988576e-03
1.546449406861988849e-03
1.546757680568645009e-03
1.547226749700912748e-03
1.546602392739327390e-03
1.546679893920596205e-03
1.547590043955222655e-03
1.548022146582106939e-03
1.548051533101084485e-03
1.548557338283036017e-03
1.547502828742283862e-03
1.547541148164872883e-03
1.548521505897404449e-03
1.548149228550005710e-03
1.547732537003501359e-03
1.546926182118284112e-03
1.547559350069249197e-03
1.547178927476279336e-03
1.547675229723457580e-03
1.546863259020371008e-03
1.547536095695023917e-03
1.546253469750328950e-03
1.546788457074003541e-03
1.546515136373582825e-03
1.545358093137005851e-03
1.545602918023037016e-03
