7.200999999999999623e-01
7.520000000000000018e-01
7.844999999999999751e-01
8.355000000000000204e-01
8.801999999999999824e-01
8.834999999999999520e-01
8.988000000000000433e-01
9.074999999999999734e-01
8.960000000000000187e-01
9.216999999999999638e-01
9.232000000000000206e-01
9.156999999999999584e-01
9.325999999999999845e-01
9.386999999999999789e-01
9.402000000000000357e-01
9.412000000000000366e-01
9.315999999999999837e-01
9.432000000000000384e-01
9.486999999999999877e-01
9.461000000000000520e-01
9.516000000000000014e-01
9.481000000000000538e-01
9.495000000000000107e-01
9.500999999999999446e-01
9.513000000000000345e-01
9.414000000000000146e-01
9.412000000000000366e-01
9.556999999999999940e-01
9.548999999999999710e-01
9.539999999999999591e-01
9.588999999999999746e-01
9.536999999999999922e-01
9.554000000000000270e-01
9.595000000000000195e-01
9.495000000000000107e-01
9.606999999999999984e-01
9.582000000000000517e-01
9.528999999999999693e-01
9.661999999999999478e-01
9.631999999999999451e-01
9.609999999999999654e-01
9.563000000000000389e-01
9.580999999999999517e-01
9.615000000000000213e-01
9.504000000000000226e-01
9.655000000000000249e-01
9.678999999999999826e-01
9.606000000000000094e-01
9.700999999999999623e-01
9.647000000000000020e-01
9.590999999999999526e-01
9.658999999999999808e-01
9.615000000000000213e-01
9.645000000000000240e-01
9.697000000000000064e-01
9.701999999999999513e-01
9.687000000000000055e-01
9.677999999999999936e-01
9.718999999999999861e-01
9.687999999999999945e-01
9.582000000000000517e-01
9.656000000000000139e-01
9.650999999999999579e-01
9.687999999999999945e-01
9.653000000000000469e-01
9.700999999999999623e-01
9.689999999999999725e-01
9.697999999999999954e-01
9.699999999999999734e-01
9.687000000000000055e-01
9.695000000000000284e-01
9.684000000000000385e-01
9.663000000000000478e-01
9.661999999999999478e-01
9.675000000000000266e-01
9.705000000000000293e-01
9.708999999999999853e-01
9.685000000000000275e-01
9.720999999999999641e-01
9.713000000000000522e-01
9.696000000000000174e-01
9.727999999999999980e-01
9.690999999999999615e-01
9.707000000000000073e-01
9.713000000000000522e-01
9.769999999999999796e-01
9.729999999999999760e-01
9.697999999999999954e-01
9.700999999999999623e-01
9.690999999999999615e-01
9.717999999999999972e-01
9.711999999999999522e-01
9.727999999999999980e-01
9.697000000000000064e-01
9.741999999999999549e-01
9.726000000000000201e-01
9.747999999999999998e-01
9.751999999999999558e-01
9.716000000000000192e-01
