1.000000000000000000e+00
1.000000000000000000e+00
8.328513420429674019e-01
6.534672323703454300e-01
5.507625745471742551e-01
4.892603936394804287e-01
4.477469989849610088e-01
4.156771788504973753e-01
3.961564590362210425e-01
3.766794346158009454e-01
3.660375472432630950e-01
3.577979177978216074e-01
3.499902678861981364e-01
3.340358891546016396e-01
3.278148784323037801e-01
3.155897641340387194e-01
2.992875781582716721e-01
3.065039298817138769e-01
2.995203099899418353e-01
2.852558712880728375e-01
2.726772879678777128e-01
2.834768085120376591e-01
2.804043890721724663e-01
2.657152424899137388e-01
2.514522186510887436e-01
2.435379800608091783e-01
2.388026600713283321e-01
2.368818034846940923e-01
2.241074341952927484e-01
2.290515668695884133e-01
2.426692252884307122e-01
2.553261011181263140e-01
2.465718929959428429e-01
2.270148785536807989e-01
2.289099318671862504e-01
2.170031686050059028e-01
2.134069261948755014e-01
2.158500763269538270e-01
2.076700573251922255e-01
2.211738083661274890e-01
2.227135680751353153e-01
2.036796328453613636e-01
2.080422213527635955e-01
2.195073054707069871e-01
2.306558599413277844e-01
2.468610015774200528e-01
2.569419547321930009e-01
2.379375790951234471e-01
2.270499620824993903e-01
2.102075582894310790e-01
2.123157397676032621e-01
2.277751560873482184e-01
2.322194684385088803e-01
2.235741458981635732e-01
2.176981597268413116e-01
2.291329771972079321e-01
2.198866194839078914e-01
2.119349488011623150e-01
2.112304848989768058e-01
2.106970572615783632e-01
2.384162172205200880e-01
2.322072422980810680e-01
2.164070488773356671e-01
2.170409160542325078e-01
2.127314979150604635e-01
2.137983886281897283e-01
2.151260612581153420e-01
1.994078550746857803e-01
1.887374992153190989e-01
2.114166264664813222e-01
2.202335083874840393e-01
2.228142668582595298e-01
2.182467829485465471e-01
2.050793867911591406e-01
2.006940783645743409e-01
2.044719714274167432e-01
2.047161660891697044e-01
1.978735703812523894e-01
2.183817925840866592e-01
2.473687356317650632e-01
2.500005434725832698e-01
2.582197769226877715e-01
2.816845423984987162e-01
2.475270394206113278e-01
2.197035600648244436e-01
1.934590940029155270e-01
2.054332509316419975e-01
2.042778009547793483e-01
2.272897954581106772e-01
2.165492622169582493e-01
1.970288494709866445e-01
2.146048587499064242e-01
2.290148992774311554e-01
2.121145893246031700e-01
1.893027591048307423e-01
2.230377694222053786e-01
2.691263557482985735e-01
2.475688493701804771e-01
2.815483126679481085e-01
