1.677848584949970245e-02
1.467156410217285156e-02
1.421925984323024750e-02
1.378667727112770081e-02
1.345305144786834717e-02
1.331162732094526291e-02
1.297989767044782639e-02
1.284845545887947083e-02
1.266815047711133957e-02
1.276386994868516922e-02
1.282947883009910583e-02
1.302942633628845215e-02
1.271960604935884476e-02
1.279969513416290283e-02
1.298535894602537155e-02
1.240385044366121292e-02
1.269225031137466431e-02
1.236553303897380829e-02
1.236227899789810181e-02
1.251019537448883057e-02
1.228121388703584671e-02
1.258347835391759872e-02
1.246102713048458099e-02
1.228490192443132401e-02
1.268163044005632401e-02
1.222701370716094971e-02
1.221672911196947098e-02
1.239802595227956772e-02
1.241773460060358047e-02
1.233808416873216629e-02
1.223520282655954361e-02
1.226582750678062439e-02
1.231328770518302917e-02
1.223766524344682693e-02
1.254109945148229599e-02
1.229896955192089081e-02
1.226809248328208923e-02
1.241127401590347290e-02
1.212386786937713623e-02
1.221778523176908493e-02
1.226065866649150848e-02
1.226423587650060654e-02
1.231089141219854355e-02
1.217459421604871750e-02
1.237112283706665039e-02
1.220479235053062439e-02
1.219519693404436111e-02
1.213848870247602463e-02
1.242432743310928345e-02
1.220878865569829941e-02
1.250132732093334198e-02
1.227856613695621490e-02
1.217677537351846695e-02
1.208832673728466034e-02
1.225557178258895874e-02
1.218255329877138138e-02
1.207408029586076736e-02
1.205939427018165588e-02
1.209232211112976074e-02
1.208365708589553833e-02
1.209096051752567291e-02
1.202091109007596970e-02
1.208244916051626205e-02
1.219404023140668869e-02
1.199784874916076660e-02
1.214478723704814911e-02
1.207270100712776184e-02
1.193936169147491455e-02
1.218269020318984985e-02
1.201923470944166183e-02
1.221516449004411697e-02
1.222351752221584320e-02
1.202493254095315933e-02
1.220755651593208313e-02
1.216865796595811844e-02
1.192251779139041901e-02
1.211522798985242844e-02
1.224352885037660599e-02
1.199506875127553940e-02
1.208846457302570343e-02
1.212328765541315079e-02
1.220858469605445862e-02
1.218172814697027206e-02
1.203980669379234314e-02
1.205889880657196045e-02
1.192135456949472427e-02
1.200714707374572754e-02
1.214866060763597488e-02
1.202688366174697876e-02
1.202396862208843231e-02
1.193928532302379608e-02
1.216343510895967484e-02
1.207720953971147537e-02
1.193703338503837585e-02
1.207632478326559067e-02
1.201727706938982010e-02
1.198946870863437653e-02
1.219364255666732788e-02
1.199179794639348984e-02
