5.820542434692382860e-01
4.017254196166992197e-01
3.224858891963958696e-01
2.533526674270629719e-01
2.111112290382385348e-01
1.935641235828399753e-01
1.990391075134277377e-01
1.657660800457000649e-01
1.728334655761718797e-01
1.322708583831787021e-01
1.198852071762084998e-01
1.374596746683120763e-01
1.232140603542327822e-01
1.064997468471527153e-01
1.089265367507934595e-01
1.117175299167633001e-01
1.069160458326339769e-01
1.180157760858535770e-01
9.026619040966034346e-02
9.541269812583923204e-02
9.667326765060424432e-02
9.497139098644256927e-02
1.102920398235320981e-01
8.413800516128540352e-02
8.861240091323852042e-02
1.092423990726471006e-01
9.567173099517822799e-02
8.141105823516846252e-02
8.241096410751343193e-02
8.023285667896271067e-02
7.268035585880279481e-02
7.256620780229568191e-02
7.646158641576766835e-02
6.576738518476486772e-02
8.728024334907531767e-02
7.243673863410950153e-02
7.950445871353149785e-02
8.376197855472564124e-02
6.406567909717560128e-02
6.166951948404312406e-02
6.802499612569809506e-02
8.330184903144836894e-02
7.528025038242340539e-02
6.782589362859725579e-02
9.780131494998932362e-02
7.184277269840240454e-02
7.702061229944229259e-02
6.827892665863037613e-02
5.846443052291869918e-02
6.278643797636032642e-02
6.965522460937499660e-02
6.621829987764359104e-02
6.974180011749267494e-02
6.785846419334411184e-02
5.484127936363220046e-02
6.289953969717025639e-02
6.061513916850089917e-02
5.593763061761856253e-02
4.692731297612190433e-02
6.606077926158905600e-02
7.560612587928772221e-02
6.202170512676238867e-02
6.113579254150390552e-02
5.458680154085158998e-02
5.755302368402481078e-02
5.522919590473174961e-02
5.331146409511566125e-02
5.525213080644607311e-02
5.210338174104690856e-02
6.019144276380539171e-02
5.590272994041443205e-02
5.372888922691345520e-02
6.353073798418044926e-02
6.714724562168121469e-02
5.774826453328132936e-02
5.618125874996185432e-02
5.461756141185760555e-02
5.603416975438595127e-02
4.996022298336028761e-02
4.840973111391067701e-02
5.966589477062225061e-02
5.092512552738189674e-02
5.214834905862808512e-02
5.368856935501098437e-02
5.551464574337005436e-02
4.794525134563445978e-02
4.891874856352806250e-02
5.656592365503310821e-02
5.821689382195472523e-02
5.052602912783622779e-02
4.879683370590209845e-02
5.005781759023666261e-02
5.493966171741485743e-02
5.229829534292221305e-02
5.006560056209564263e-02
4.773710382580757111e-02
4.721669343411922376e-02
4.485911583304405537e-02
5.271345591545104764e-02
