1.134456976501851067e+00
1.091318446823018373e+00
9.089060330327976001e-01
7.131408450801417498e-01
6.010573574230690941e-01
5.339388928786563682e-01
4.886345595019352395e-01
4.536361732028988403e-01
4.323328515743154465e-01
4.110772155350885804e-01
3.994635275364251115e-01
3.904714679276286571e-01
3.819508355527378995e-01
3.645395277353458141e-01
3.577504239762183680e-01
3.444089312280018689e-01
3.266180549491077834e-01
3.344933927036632948e-01
3.268720394901722948e-01
3.113049944012464820e-01
2.975777543890172350e-01
3.093634703757031090e-01
3.060104823646006000e-01
2.899799457312943751e-01
2.744144447085081762e-01
2.657774901423775038e-01
2.606097480862472615e-01
2.585134818595518080e-01
2.445725770074986816e-01
2.499682001984979696e-01
2.648294020335153487e-01
2.786420841056105324e-01
2.690884552945438379e-01
2.477455246689190815e-01
2.498136313076606552e-01
2.368195609176886318e-01
2.328949152362660424e-01
2.355611700437612033e-01
2.266341644117759735e-01
2.413710570240541475e-01
2.430514251981692464e-01
2.222793405662824018e-01
2.270403138803085419e-01
2.395523716725977970e-01
2.517189948217974926e-01
2.694039648226447259e-01
2.804054949620071735e-01
2.596656692589192073e-01
2.477838119710984444e-01
2.294033860228810173e-01
2.317040833592609594e-01
2.485752295661154410e-01
2.534253896183804589e-01
2.439905896513667738e-01
2.375780175493258373e-01
2.500570447907910498e-01
2.399663240523424168e-01
2.312885191532003670e-01
2.305197247016244066e-01
2.299375852808862586e-01
2.601880158745173421e-01
2.534120470057981134e-01
2.361690044623669937e-01
2.368607554053501207e-01
2.321578078949979584e-01
2.333221254109800746e-01
2.347710390433599414e-01
2.176174706844156148e-01
2.059727145009226934e-01
2.307228644279626373e-01
2.403448903118132751e-01
2.431613196377653274e-01
2.381767401915282356e-01
2.238069178683448346e-01
2.190211498874043983e-01
2.231440342770090179e-01
2.234105284159957350e-01
2.159430774957935562e-01
2.383240786972919967e-01
2.699580643622316867e-01
2.728302048074100483e-01
2.818000058902538907e-01
3.074075373043823056e-01
2.701308242072015808e-01
2.397665479314319281e-01
2.111254779910500812e-01
2.241930963325229342e-01
2.229321324583914965e-01
2.480455465580668761e-01
2.363242045032813987e-01
2.150212179840034210e-01
2.342022411316211361e-01
2.499281841787761582e-01
2.314845641702283352e-01
2.065895930455958762e-01
2.434052321087116777e-01
2.937025565543722738e-01
2.701764521764271620e-01
3.072588672864267068e-01
